## xl/sharedStrings.xml
 
 W H O K N S T E X A C L I ? Y M G R D F V U P h r o n l B 
## xl/worksheets/sheet1.xml
 
 0 1 2 3 4 2 0 5 6 1 7 7 8 9 10 6 11 2 10 9 6 12 2 4 
 
 13 2 4 11 14 0 0 6 1 12 5 0 9 5 1 12 5 11 9 5 6 15 7 5 
 
 5 9 16 7 8 6 1 12 17 6 14 7 12 16 1 6 18 7 16 17 7 7 5 19 
 
 12 19 6 14 5 7 20 7 4 15 12 4 21 6 7 5 5 12 8 22 2 12 4 6 
 
 19 12 20 7 5 7 10 2 4 18 5 4 2 17 6 1 5 7 20 7 4 6 14 5 
 
 7 20 7 4 18 7 16 17 7 7 5 7 12 16 1 6 15 12 4 21 6 7 5 19 
 
 2 17 6 14 19 2 21 17 5 7 10 2 4 18 5 0 7 5 6 8 11 9 14 7 
 23 24 25 23 26 27 
 17 6 0 2 5 11 2 0 11 14 18 7 5 22 9 17 9 6 11 14 5 11 2 0 
 
 11 14 6 1 7 17 7 15 9 12 4 5 2 22 9 5 5 9 16 7 18 7 28 17 
 
 
 12 5 
 28 7 17 
 11 12 4 
 
## xl/worksheets/sheet2.xml
 
 
## xl/worksheets/sheet3.xml
 
 