## xl/sharedStrings.xml
 
 E T W N S U B L H A C O F I G Q Y V ? D X R K M P 
## xl/worksheets/sheet1.xml
 
 2 3 4 5 6 7 8 9 10 11 12 13 14 15 16 
 0 1 2 0 0 3 4 5 6 1 7 0 4 8 9 
 
 0 9 6 4 0 3 10 0 11 12 7 13 14 8 1 
 
 9 3 10 0 11 12 13 15 7 5 4 13 11 3 13 
 
 7 16 13 3 17 13 4 13 6 7 0 8 11 2 4 
 
 6 7 0 18 1 8 0 16 5 4 0 19 1 8 0 
 
 3 0 1 13 10 12 13 0 7 19 20 1 8 0 13 
 
 3 2 9 4 14 9 1 8 0 21 0 19 9 3 19 
 
 0 19 5 3 19 0 21 14 21 5 5 3 19 1 11 
 
 7 11 10 9 1 13 11 3 20 19 11 0 4 7 9 
 
 9 6 11 5 1 1 8 13 4 18 1 8 0 16 4 
 
 5 21 13 0 19 11 5 1 1 8 0 21 0 4 11 
 
 8 11 22 3 11 2 4 1 8 0 0 20 9 10 1 
 
 11 3 7 16 2 2 1 8 13 4 2 9 4 8 13 
 
 9 14 0 20 1 8 13 21 1 16 0 13 14 8 1 
 
 12 1 16 4 0 17 0 3 23 13 3 5 1 0 4 
 
 13 17 0 4 0 10 11 3 19 4 3 11 21 1 8 
 
 17 0 3 19 0 14 21 0 0 4 0 13 14 8 1 
 
 21 1 16 12 11 5 21 4 0 10 11 3 19 4 2 
 
 1 2 11 4 7 11 2 7 16 19 0 4 24 9 21 
 
 16 1 8 0 21 0 23 9 13 3 4 11 12 24 9 
 
 13 4 1 8 9 1 0 3 10 5 23 6 0 21 0 
 
 24 9 21 1 11 12 1 8 0 19 11 11 21 2 9 
 
## xl/worksheets/sheet2.xml
 
 
## xl/worksheets/sheet3.xml
 
 