## xl/sharedStrings.xml
 
 6/1/6 Mushroom Cloud Morse AST Balloon I V E L O D U M N A R H Y C X P K J B G S F W Q T Z " "Nuance of iqlu-sion" (plaintext) (ciphertext) U.6- I.6+ K.6+ T.1- Q.1+ L.1+ I.1+ E.6+ Broken "Treaty" Copy A.0 I.0 D.1- G.0 D.0 A.6- K.0 Q.6- T.6- 
## xl/worksheets/sheet1.xml
 
 0 30 1 31 
 2 3 4 5 6 20 18 12 
 6 2 7 8 9 10 11 12 8 6 16 6 21 13 8 5 
 13 14 8 12 6 5 13 13 20 22 6 5 2 23 20 20 
 15 5 12 16 17 18 18 19 24 23 5 12 3 25 25 17 
 5 13 11 4 9 9 5 10 12 10 21 18 22 22 6 26 
 15 27 24 14 17 24 14 3 24 26 25 22 19 25 22 22 
 14 25 23 23 24 11 26 19 4 18 27 27 24 11 26 19 
 18 5 8 7 2 11 24 2 18 5 8 7 2 11 24 2 
 10 23 20 10 14 17 3 26 10 23 20 10 14 17 3 26 
 26 9 27 23 17 47 48 46 26 9 27 23 17 18 24 21 
 14 49 26 12 26 43 7 27 16 26 19 15 
 33 45 42 44 39 7 2 21 18 
 35 38 8 13 
 35 41 8 11 
 35 34 8 4 
 28 37 33 32 36 28 18 15 11 12 
 29 
 40 
 2 3 4 5 
 6 2 7 8 9 10 11 12 
 13 14 8 12 6 5 13 13 
 15 5 12 16 17 18 18 19 
 5 13 11 4 9 9 5 10 
 15 27 24 14 17 24 14 3 
 14 25 23 23 24 11 26 19 
 18 5 8 7 2 11 24 2 
 10 23 20 20 4 12 5 2 
 10 15 5 6 15 18 25 11 
 14 4 26 12 26 7 
 2 7 2 21 4 
 26 2 
 26 11 
 26 5 
 28 5 2 8 25 28 
 29 
 