## xl/sharedStrings.xml
 
 E N D Y A H R C T O U L P G I W M F S B Palimpsest Abscissa Keypad? E N 
## xl/worksheets/sheet1.xml
 
 20 
 
 
 23 2 3 4 5 6 
 7 5 8 1 6 0 3 
 8 12 6 1 13 4 8 
 15 16 8 15 1 2 14 
 8 17 9 11 18 0 2 
 0 14 17 8 19 6 18 
 8 0 0 17 9 4 18 
 21 
 
 0 1 2 3 4 5 6 9 5 
 7 5 8 1 6 0 3 10 11 
 8 12 6 1 13 4 8 14 5 
 15 16 8 15 1 2 14 8 0 
 8 17 9 11 18 0 2 8 14 
 0 14 17 8 19 6 18 12 4 
 8 0 0 17 9 4 18 17 14 
 362514 
 0 1 2 3 4 5 6 9 5 
 7 5 8 1 6 0 3 10 11 
 8 12 6 1 13 4 8 14 5 
 15 16 8 15 1 2 14 8 0 
 8 17 9 11 18 0 2 8 14 
 0 14 17 8 19 6 18 12 4 
 8 0 0 17 9 4 18 17 14 
 22 
 0 1 2 3 4 5 6 
 7 5 8 1 6 0 3 
 8 12 6 1 13 4 8 
 15 16 8 15 1 2 14 
 8 17 9 11 18 0 2 
 0 14 17 8 19 6 18 
 8 0 0 17 
 
## xl/worksheets/sheet2.xml
 
 
## xl/worksheets/sheet3.xml
 
 