## xl/sharedStrings.xml
 
 Y E Z P T A K R O S B C D F G H I J L M N Q U V W X ? x???? MISSED LETTER 
## xl/worksheets/sheet1.xml
 
 1 19 22 13 3 15 2 18 7 13 5 25 0 22 9 12 17 6 2 18 12 6 7 20 9 15 14 20 13 16 23 17 
 0 21 4 21 22 25 21 10 21 23 0 22 23 18 18 4 7 1 23 17 0 21 4 19 6 0 7 12 19 13 12 
 23 13 3 17 22 12 1 1 15 2 24 1 4 2 0 23 14 24 15 6 6 21 1 4 14 13 21 17 20 11 1 
 14 14 24 15 6 6 26 12 21 19 11 3 13 21 2 12 21 19 19 16 5 14 3 13 25 15 21 7 18 14 
 4 16 19 23 19 2 17 5 20 21 18 23 6 21 1 12 5 14 12 23 13 7 3 17 22 20 14 1 22 20 5 
 21 2 14 2 18 1 11 14 0 22 25 22 1 1 20 17 4 10 17 18 10 21 11 7 4 10 17 12 13 15 7 7 
 0 16 2 1 4 6 2 1 19 23 12 22 13 6 9 17 15 6 13 24 15 6 22 24 21 18 9 2 13 4 16 
 15 15 12 12 12 22 23 15 26 12 24 6 10 13 22 13 3 24 20 4 12 13 16 0 11 22 21 2 1 7 1 
 1 23 18 12 6 13 1 2 19 8 21 21 17 18 4 4 22 14 9 0 21 3 13 1 22 20 18 5 23 16 12 25 
 13 18 14 14 4 1 2 26 13 6 2 10 9 13 12 21 23 14 8 14 16 3 22 13 25 15 15 12 7 6 13 
 13 15 21 20 4 14 3 22 5 1 11 20 22 23 3 12 17 19 21 11 18 21 22 19 22 20 1 12 13 21 
 1 18 2 2 23 7 7 14 6 13 13 23 8 1 1 25 10 12 19 23 3 20 13 21 25 1 2 18 14 7 1 
 12 20 21 13 19 3 20 2 14 18 13 18 3 19 7 17 21 0 5 18 19 14 20 22 23 3 12 25 23 6 3 
 12 21 22 19 1 10 1 12 19 15 12 5 13 19 17 14 2 20 22 3 18 14 1 24 17 18 18 5 1 4 14 
 -33 -32 -31 -30 -29 -28 -27 -26 -25 -24 -23 -22 -21 -20 -19 -18 -17 -16 -15 -14 -13 -12 -11 -10 -9 -8 -7 -6 -5 -4 -3 -2 -1 
 1 20 12 0 5 15 7 8 15 20 18 9 7 15 1 8 11 3 4 1 8 16 10 16 12 0 9 15 20 5 16 5 
 11 15 4 20 7 1 0 22 18 12 9 18 18 9 18 18 20 8 15 9 20 8 9 19 7 24 25 19 20 1 
 4 3 7 20 14 5 4 16 15 20 7 5 7 3 1 9 18 20 20 1 18 1 10 18 3 16 16 5 11 5 1 
 24 19 4 24 20 12 16 4 1 1 20 7 5 15 11 4 1 20 1 22 12 7 1 4 20 15 5 1 8 1 
 4 13 8 18 9 1 12 4 16 24 1 20 15 5 1 16 8 0 4 1 0 21 15 1 1 20 11 4 5 0 11 7 
 1 16 13 4 10 7 9 3 5 19 15 15 1 24 1 20 5 4 5 19 5 4 1 14 0 1 1 7 18 10 
 4 1 1 13 8 5 9 13 16 8 4 22 1 4 22 5 1 8 4 8 5 7 19 5 1 1 7 4 20 7 4 16 
 10 9 1 12 12 20 16 5 5 15 4 4 19 9 4 1 24 3 16 1 7 8 5 14 7 16 1 24 13 1 10 
 5 1 11 4 12 12 15 16 18 11 1 16 15 9 16 4 1 14 8 1 5 8 9 12 12 7 0 12 18 8 7 16 4 
 7 6 18 19 18 1 15 5 14 4 12 15 5 7 12 3 20 1 8 15 19 14 13 19 13 1 22 15 1 
 1 11 12 19 7 16 3 13 1 16 19 1 15 20 18 9 9 4 4 7 4 23 12 8 15 24 26 8 10 6 7 
 22 8 25 8 14 15 22 18 10 9 8 18 16 13 10 10 24 13 18 7 23 21 21 3 7 20 14 6 9 9 8 
 4 24 4 21 9 17 21 9 9 1 6 2 2 24 5 4 17 6 18 22 12 16 5 24 16 20 13 10 20 0 3 
 23 4 4 19 2 13 3 6 24 14 12 6 2 25 4 17 11 12 16 14 6 22 15 22 5 22 1 6 11 5 7 
 10 1 4 24 1 1 20 9 22 10 4 18 1 9 15 5 12 16 20 14 5 20 12 4 15 1 5 10 9 1 20 11 
 1 8 13 18 16 14 15 4 18 16 1 9 4 15 1 20 22 5 20 11 1 8 13 16 21 18 22 9 16 8 20 
 16 4 24 5 9 4 8 4 5 18 18 0 16 20 23 16 9 16 10 18 1 15 8 24 9 4 15 5 4 3 8 
 9 9 16 10 18 1 26 4 15 1 0 22 9 1 12 4 15 1 1 5 7 4 15 9 19 5 14 20 1 4 
 11 13 16 1 18 12 25 4 15 1 16 20 13 8 7 19 5 4 16 8 20 24 5 9 14 5 4 15 1 7 1 
 12 5 20 12 4 7 5 20 9 19 16 4 4 1 12 22 20 12 1 7 14 7 22 22 20 12 4 8 5 20 22 20 
 6 20 8 24 20 18 8 11 5 4 16 8 20 25 12 8 1 9 18 5 20 14 18 1 0 6 20 8 24 5 10 
 8 22 4 4 15 16 9 26 4 15 1 0 9 15 8 22 18 12 16 4 9 10 22 7 16 1 12 8 22 4 4 
 15 1 7 1 9 8 19 1 24 15 1 7 1 25 24 15 8 6 20 8 24 9 4 15 1 1 25 5 11 4 18 8 
 11 5 4 16 8 20 26 8 20 18 0 24 24 4 15 16 9 24 5 9 15 16 9 18 5 9 4 19 1 9 9 
 5 14 1 25 4 15 16 7 4 0 1 16 14 15 4 12 1 14 7 1 1 9 13 16 13 4 0 9 1 23 
 1 20 19 16 20 22 4 1 9 9 16 25 3 8 16 20 4 13 16 23 1 9 1 11 8 20 12 9 20 8 7 
 4 15 9 1 23 1 20 4 0 9 1 23 1 20 12 1 14 7 1 1 9 1 16 14 15 4 19 16 20 22 4 
 29 28 27 1 9 13 8 7 4 0 13 8 22 7 9 1 11 8 20 12 9 24 1 9 4 16 12 10 0 7 8 24 9 
 -33 -32 -31 -30 -29 -28 -27 -26 -25 -24 -23 -22 -21 -20 -19 -18 -17 -16 -15 -14 -13 -12 -11 -10 -9 -8 -7 -6 -5 -4 -3 -2 -1 
 9 18 8 24 18 0 12 1 9 3 5 7 5 4 18 0 9 18 8 24 18 0 4 15 1 7 1 19 5 16 20 9 
 8 13 3 5 9 9 5 14 1 12 1 10 7 16 9 4 15 5 4 1 20 11 22 19 10 1 7 1 12 4 
 15 1 18 8 24 1 7 3 5 7 4 8 13 4 15 1 12 8 8 7 24 5 0 24 5 9 7 1 19 8 23 
 1 12 24 16 4 15 4 7 1 19 10 18 16 20 14 15 5 20 12 9 16 19 5 12 1 5 4 16 20 0 
 10 7 1 5 11 15 16 20 4 15 1 22 3 3 1 7 18 1 13 4 15 5 20 12 11 8 7 20 1 7 5 20 
 12 4 15 1 20 24 16 12 1 20 16 20 14 4 15 1 15 8 18 1 5 18 16 4 4 18 1 16 16 20 
 9 1 7 4 1 12 4 15 1 11 5 20 12 18 1 5 20 12 3 1 1 7 1 12 16 20 4 15 1 15 8 4 
 5 16 7 1 9 11 5 3 16 20 14 13 7 8 19 4 15 1 11 15 5 19 10 1 7 11 5 22 9 1 12 
 4 15 1 13 18 5 19 1 4 8 13 18 16 11 6 1 7 10 22 4 3 7 1 9 1 20 4 18 0 12 1 4 5 
 16 18 9 8 13 4 15 1 7 8 8 19 24 16 4 15 16 20 1 19 1 7 14 1 12 13 7 8 19 
 4 15 1 19 16 9 4 25 11 5 20 0 8 22 9 1 1 5 20 0 4 15 16 20 14 21 26 8 10 6 7 
 22 8 25 8 14 15 22 18 10 9 8 18 16 13 10 10 24 13 18 7 23 21 21 3 7 20 14 6 9 9 8 
 4 24 4 21 9 17 21 9 9 1 6 2 2 24 5 4 17 6 18 22 12 16 5 24 16 20 13 10 20 0 3 
 23 4 4 19 2 13 3 6 24 14 12 6 2 25 4 17 11 12 16 14 6 22 15 22 5 22 1 6 11 5 7 
 
## xl/worksheets/sheet2.xml
 
 0 2 3 4 5 1 2 26 6 7 0 3 4 8 9 5 10 11 12 1 13 14 15 16 17 18 19 20 21 22 23 24 25 2 
 3 25 0 8 10 2 0 25 7 0 3 4 8 9 5 10 11 12 1 13 14 15 16 17 18 19 20 21 22 23 24 25 2 6 
 4 24 7 9 11 3 25 24 0 3 4 8 9 5 10 11 12 1 13 14 15 16 17 18 19 20 21 22 23 24 25 2 6 7 
 8 23 6 5 12 4 24 23 3 4 8 9 5 10 11 12 1 13 14 15 16 17 18 19 20 21 22 23 24 25 2 6 7 0 
 9 22 2 10 1 5 23 22 4 8 9 5 10 11 12 1 13 14 15 16 17 18 19 20 21 22 23 24 25 2 6 7 0 3 
 5 21 25 11 13 6 22 21 8 9 5 10 11 12 1 13 14 15 16 17 18 19 20 21 22 23 24 25 2 6 7 0 3 4 
 10 20 24 12 14 7 4 20 9 5 10 11 12 1 13 14 15 16 17 18 19 20 21 22 23 24 25 2 6 7 0 3 4 8 
 11 19 23 1 15 8 9 19 5 10 11 12 1 13 14 15 16 17 18 19 20 21 22 23 24 25 2 6 7 0 3 4 8 9 
 12 18 22 13 16 9 7 18 10 11 12 1 13 14 15 16 17 18 19 20 21 22 23 24 25 2 6 7 0 3 4 8 9 5 
 1 17 21 14 17 10 21 17 11 12 1 13 14 15 16 17 18 19 20 21 22 23 24 25 2 6 7 0 3 4 8 9 5 10 
 13 16 20 15 6 11 3 16 12 1 13 14 15 16 17 18 19 20 21 22 23 24 25 2 6 7 0 3 4 8 9 5 10 11 
 14 15 19 16 18 12 8 15 1 13 14 15 16 17 18 19 20 21 22 23 24 25 2 6 7 0 3 4 8 9 5 10 11 12 
 15 14 18 17 19 13 20 14 13 14 15 16 17 18 19 20 21 22 23 24 25 2 6 7 0 3 4 8 9 5 10 11 12 1 
 16 13 17 18 20 14 19 13 14 15 16 17 18 19 20 21 22 23 24 25 2 6 7 0 3 4 8 9 5 10 11 12 1 13 18 
 17 1 16 19 8 15 18 12 15 16 17 18 19 20 21 22 23 24 25 2 6 7 0 3 4 8 9 5 10 11 12 1 13 14 
 18 12 15 20 3 16 6 11 16 17 18 19 20 21 22 23 24 25 2 6 7 0 3 4 8 9 5 10 11 12 1 13 14 15 
 19 11 14 21 21 17 17 10 17 18 19 20 21 22 23 24 25 2 6 7 0 3 4 8 9 5 10 11 12 1 13 14 15 16 
 20 10 13 22 7 18 16 9 18 19 20 21 22 23 24 25 2 6 7 0 3 4 8 9 5 10 11 12 1 13 14 15 16 17 
 21 5 1 23 9 19 15 8 19 20 21 22 23 24 25 2 6 7 0 3 4 8 9 5 10 11 12 1 13 14 15 16 17 18 
 22 9 12 24 4 20 14 7 20 21 22 23 24 25 2 6 7 0 3 4 8 9 5 10 11 12 1 13 14 15 16 17 18 19 
 23 8 11 25 22 21 13 6 21 22 23 24 25 2 6 7 0 3 4 8 9 5 10 11 12 1 13 14 15 16 17 18 19 20 
 24 4 10 2 23 22 1 5 22 23 24 25 2 6 7 0 3 4 8 9 5 10 11 12 1 13 14 15 16 17 18 19 20 21 
 25 3 5 6 24 23 12 4 23 24 25 2 6 7 0 3 4 8 9 5 10 11 12 1 13 14 15 16 17 18 19 20 21 22 
 2 0 9 7 25 24 11 3 24 25 2 6 7 0 3 4 8 9 5 10 11 12 1 13 14 15 16 17 18 19 20 21 22 23 
 6 7 8 0 0 25 10 2 25 2 6 7 0 3 4 8 9 5 10 11 12 1 13 14 15 16 17 18 19 20 21 22 23 24 
 7 6 4 3 2 26 5 1 2 6 7 0 3 4 8 9 5 10 11 12 1 13 14 15 16 17 18 19 20 21 22 23 24 25 
 1 2 3 4 5 6 7 8 9 10 11 12 13 14 15 16 17 18 19 20 21 22 23 24 25 26 
 5 10 11 12 1 13 14 15 16 17 6 18 19 20 8 3 21 7 9 4 22 23 24 25 0 2 
 26 25 24 23 22 21 20 19 18 17 16 15 14 13 12 11 10 9 8 7 6 5 4 3 2 1 
 2 0 25 24 23 22 4 9 7 21 3 8 20 19 18 6 17 16 15 14 13 1 12 11 10 5 
 4 8 9 5 10 11 12 1 13 14 15 16 17 18 19 20 21 22 23 24 25 2 6 7 0 3 
 3 0 7 6 2 25 24 23 22 21 20 19 18 17 16 15 14 13 1 12 11 10 5 9 8 4 
 6 7 0 3 4 8 9 5 10 11 12 1 13 14 15 16 17 18 19 20 21 22 23 24 25 2 
 0 3 4 8 9 5 10 11 12 1 13 14 15 16 17 18 19 20 21 22 23 24 25 2 6 7 
 
## xl/worksheets/sheet3.xml
 
 14 
 13 
 12 
 11 
 10 
 9 
 8 
 7 
 6 
 5 
 4 
 3 
 2 
 1 
 -33 -32 -31 -30 -29 -28 -27 -26 -25 -24 -23 -22 -21 -20 -19 -18 -17 -16 -15 -14 -13 -12 -11 -10 -9 -8 -7 -6 -5 -4 -3 -2 -1 0 1 2 3 4 5 6 7 8 9 10 11 12 13 14 15 16 17 18 19 20 21 22 23 24 25 26 27 28 29 30 31 32 33 
 -1 
 -2 
 -3 
 -4 
 -5 
 -6 
 -7 
 -8 
 -9 
 -10 
 -11 
 -12 
 -13 
 -14 
 