## xl/sharedStrings.xml
 
 S L O W Y D E P A R T H M I N F G B C U V K Q X 
## xl/worksheets/sheet1.xml
 
 11 10 9 3 10 11 16 10 2 17 6 11 11 22 
 10 0 8 5 8 10 14 5 11 12 21 10 10 16 
 4 13 7 6 6 15 13 6 6 8 18 15 12 14 
 1 9 9 20 5 6 14 10 11 11 13 2 2 13 
 3 17 6 2 8 1 6 9 10 18 1 0 9 11 
 2 6 3 12 12 9 5 6 14 6 15 1 15 10 
 1 5 2 6 13 6 13 0 13 11 2 13 5 4 
 0 6 1 9 0 7 3 14 5 10 10 8 6 14 
 4 16 6 0 5 7 14 13 6 12 6 10 16 8 
 1 8 11 8 14 19 6 13 9 2 12 6 9 6 
 10 0 10 3 8 6 11 6 6 9 8 5 6 6 
 8 0 5 4 11 11 10 1 6 15 1 4 12 0 
 9 8 6 8 16 10 5 10 7 16 15 1 6 19 
 8 7 9 3 14 14 14 10 5 14 6 10 14 2 
 7 15 6 9 13 13 8 13 14 13 11 14 13 4 
 0 2 17 2 1 11 9 1 8 7 10 6 11 14 
 6 0 12 2 17 18 6 8 6 8 5 0 10 8 
 5 14 19 5 12 8 14 6 1 18 6 6 13 18 
 4 13 18 6 6 6 9 1 5 0 0 9 3 23 
 1 8 14 11 9 9 2 2 14 6 19 7 12 10 
 3 12 6 10 10 17 18 11 8 9 8 10 2 0 
 2 6 10 15 11 4 5 6 18 13 18 19 2 13 
 1 9 8 2 10 14 14 11 6 8 9 17 9 12 
 0 6 11 10 13 13 8 10 11 10 6 9 6 6 
 
 
 
 11 10 9 3 10 11 16 10 2 17 6 11 11 22 
 10 0 8 5 8 10 14 5 11 12 21 10 10 16 
 4 13 7 6 6 15 13 6 6 8 18 15 12 14 
 1 9 9 20 5 6 14 10 11 11 13 2 2 13 
 3 17 6 2 8 1 6 9 10 18 1 0 9 11 
 2 6 3 12 12 9 5 6 14 6 15 1 15 10 
 1 5 2 6 13 6 13 0 13 11 2 13 5 4 
 0 6 1 9 0 7 3 14 5 10 10 8 6 14 
 4 16 6 0 5 7 14 13 6 12 6 10 16 8 
 1 8 11 8 14 19 6 13 9 2 12 6 9 6 
 10 0 10 3 8 6 11 6 6 9 8 5 6 6 
 8 0 5 4 11 11 10 1 6 15 1 4 12 0 
 9 8 6 8 16 10 5 10 7 16 15 1 6 19 
 8 7 9 3 14 14 14 10 5 14 6 10 14 2 
 7 15 6 9 13 13 8 13 14 13 11 14 13 4 
 0 2 17 2 1 11 9 1 8 7 10 6 11 14 
 6 0 12 2 17 18 6 8 6 8 5 0 10 8 
 5 14 19 5 12 8 14 6 1 18 6 6 13 18 
 4 13 18 6 6 6 9 1 5 0 0 9 3 23 
 1 8 14 11 9 9 2 2 14 6 19 7 12 10 
 3 12 6 10 10 17 18 11 8 9 8 10 2 0 
 2 6 10 15 11 4 5 6 18 13 18 19 2 13 
 1 9 8 2 10 14 14 11 6 8 9 17 9 12 
 0 6 11 10 13 13 8 10 11 10 6 9 6 6 
 
## xl/worksheets/sheet2.xml
 
 
## xl/worksheets/sheet3.xml
 
 