## xl/sharedStrings.xml
 
 H T Y L W O S A R P E D I B C N G F M U p c X V 
## xl/worksheets/sheet1.xml
 
 0 12 1 3 8 8 4 4 
 1 13 6 3 7 15 11 1 
 2 12 12 6 9 0 10 18 
 3 5 8 3 8 12 23 4 
 4 10 13 3 10 1 5 10 
 5 1 10 6 4 7 18 7 
 3 9 11 11 5 16 10 14 
 6 14 10 3 3 15 8 7 
 2 5 16 19 10 8 6 12 
 3 10 7 2 0 9 7 12 
 1 0 6 10 1 1 4 9 
 7 8 6 8 11 10 2 3 
 8 6 7 15 10 15 7 13 
 7 3 9 1 8 18 4 10 
 9 15 17 0 10 22 8 3 
 6 0 5 14 13 4 5 10 
 10 5 6 7 18 8 5 15 
 11 8 15 12 19 18 11 15 
 2 0 12 7 14 6 10 3 
 3 7 7 15 15 5 0 6 
 4 2 18 0 10 15 1 10 
 5 11 10 6 1 0 17 9 
 3 15 8 2 7 5 5 8 
 6 10 10 11 0 15 1 7 
 20 21 20 21 20 21 20 21 20 21 
 
## xl/worksheets/sheet2.xml
 
 
## xl/worksheets/sheet3.xml
 
 