## xl/sharedStrings.xml
 
 Table 1 CIPHERTEXT E M U F P H Z L R A X Y S D J K N G I V Q T B W C ? O VIGENERE TABLE   

## xl/worksheets/sheet1.xml
 
 0 
 1 
 1 2 3 4 5 6 7 8 9 10 5 11 12 13 4 14 15 16 17 8 9 15 17 10 18 14 7 19 18 5 20 21 16 
 2 13 22 23 22 4 12 22 24 22 21 13 4 21 9 9 23 10 2 21 16 13 22 23 3 17 13 10 15 3 5 15 
 3 21 5 6 16 4 15 2 2 7 8 25 2 23 8 13 21 19 25 7 17 17 22 2 23 19 5 22 16 18 26 2 
 4 19 19 25 7 17 17 27 15 22 3 26 6 5 22 8 15 22 3 3 20 11 19 6 5 12 7 22 10 9 19 
 5 23 20 3 21 3 8 16 11 18 22 9 21 17 22 2 15 11 19 15 21 5 10 6 16 4 18 19 2 4 18 11 
 6 22 8 19 8 9 2 26 19 13 4 12 4 2 2 18 16 23 24 16 9 24 22 26 10 23 24 16 15 5 7 10 10 
 7 13 20 8 2 23 17 8 2 3 21 15 4 5 17 14 16 7 17 5 25 7 17 4 25 22 9 14 8 5 23 20 
 8 7 7 15 15 15 4 21 7 27 15 25 17 24 5 4 5 6 25 18 23 15 5 20 13 26 4 22 8 2 10 2 
 9 2 21 9 15 17 5 2 8 3 28 22 22 16 9 23 23 4 19 14 13 22 6 5 2 4 18 9 11 21 20 15 12 
 10 5 9 19 19 23 2 8 27 5 17 8 24 14 5 15 22 21 19 28 19 20 6 4 5 12 7 7 15 10 17 5 
 11 5 7 22 18 23 19 6 4 11 2 26 18 4 21 6 15 16 3 22 26 9 22 4 3 4 18 2 15 5 22 
 12 2 9 8 8 21 10 10 19 17 5 5 21 28 2 2 12 24 15 3 21 6 18 5 22 12 2 8 9 19 10 2 
 13 15 18 22 5 3 6 18 8 19 9 5 9 6 3 10 16 22 13 11 9 3 19 18 4 21 6 15 12 21 17 6 
 14 15 22 4 3 2 24 2 15 3 7 15 11 5 3 16 19 8 18 4 6 9 19 2 14 25 16 9 9 11 2 23 19 
 15 2 18 15 13 11 7 10 28 7 18 9 14 10 7 2 28 26 6 23 2 28 20 24 20 15 13 14 7 18 11 20 11 
 16 26 7 23 18 10 2 13 4 9 15 14 9 9 14 9 9 18 28 7 14 18 28 14 3 10 25 12 3 18 2 
 17 23 6 10 18 19 11 23 20 7 18 10 11 10 6 2 14 9 18 18 2 9 2 24 9 6 20 20 11 26 11 2 
 18 25 3 23 25 18 15 20 23 2 2 18 10 11 7 26 23 2 18 2 4 15 10 2 23 18 7 11 2 28 2 
 19 23 5 28 9 14 2 15 23 20 25 2 18 7 11 2 20 28 13 23 2 13 22 7 2 2 18 26 23 11 13 26 10 
 20 2 20 5 23 24 10 14 6 11 3 7 7 2 25 2 18 11 23 11 3 11 23 2 19 13 2 2 10 9 24 
 21 23 2 2 5 28 11 14 5 20 28 23 4 2 23 4 11 2 28 23 28 11 10 3 11 2 2 10 23 18 10 23 20 
 22 24 14 2 15 15 18 20 11 11 7 23 23 3 14 23 2 25 6 20 2 10 28 11 19 10 20 2 25 5 2 24 
 23 11 2 26 23 15 15 7 20 9 26 2 20 7 14 20 23 2 19 28 2 11 28 14 15 15 10 13 15 9 28 10 20 23 
 24 10 17 9 3 9 2 7 11 19 23 15 7 11 10 15 6 18 2 28 7 3 19 5 3 5 2 4 7 2 
 25 2 26 15 3 10 20 6 5 2 20 3 2 7 18 9 14 14 23 23 10 23 21 15 28 7 25 27 28 24 17 10 
 26 4 28 12 28 19 7 4 9 24 14 28 9 20 5 24 24 25 5 9 10 21 22 22 6 10 18 19 17 14 14 28 
 27 23 25 23 22 14 16 22 14 14 2 17 8 8 25 11 23 16 17 9 4 15 20 11 25 20 18 5 24 18 13 6 
 28 21 23 23 3 8 5 6 17 25 19 15 17 8 12 23 16 26 15 20 19 17 4 7 4 11 4 2 17 26 11 10 
 1 2 3 4 5 6 7 8 9 10 11 12 13 14 15 16 17 18 19 20 21 22 23 24 25 26 27 28 29 30 31 32 33 
 
 
 
 
 29 
 1 11 24 26 15 2 5 19 7 20 16 17 9 3 18 28 6 22 10 14 23 4 21 25 12 13 8 11 24 26 15 
 2 11 17 10 13 6 23 28 14 11 24 26 15 2 5 19 7 20 16 9 3 18 22 4 21 25 12 8 17 10 13 6 
 3 24 10 13 6 23 28 14 11 24 26 15 2 5 19 7 20 16 9 3 18 22 4 21 25 12 8 17 10 13 6 23 
 4 26 13 6 23 28 14 11 24 26 15 2 5 19 7 20 16 9 3 18 22 4 21 25 12 8 17 10 13 6 23 28 
 5 15 6 23 28 14 11 24 26 15 2 5 19 7 20 16 9 3 18 22 4 21 25 12 8 17 10 13 6 23 28 14 
 6 2 23 28 14 11 24 26 15 2 5 19 7 20 16 9 3 18 22 4 21 25 12 8 17 10 13 6 23 28 14 11 
 7 5 28 14 11 24 26 15 2 5 19 7 20 16 9 3 18 22 4 21 25 12 8 17 10 13 6 23 28 14 11 24 
 8 19 14 11 24 26 15 2 5 19 7 20 16 9 3 18 22 4 21 25 12 8 17 10 13 6 23 28 14 11 24 26 
 9 7 11 24 26 15 2 5 19 7 20 16 9 3 18 22 4 21 25 12 8 17 10 13 6 23 28 14 11 24 26 15 
 10 20 24 26 15 2 5 19 7 20 16 9 3 18 22 4 21 25 12 8 17 10 13 6 23 28 14 11 24 26 15 2 
 11 16 26 15 2 5 19 7 20 16 9 3 18 22 4 21 25 12 8 17 10 13 6 23 28 14 11 24 26 15 2 5 
 12 17 15 2 5 19 7 20 16 9 3 18 22 4 21 25 12 8 17 10 13 6 23 28 14 11 24 26 15 2 5 19 
 13 9 2 5 19 7 20 16 9 3 18 22 4 21 25 12 8 17 10 13 6 23 28 14 11 24 26 15 2 5 19 7 
 14 3 5 19 7 20 16 9 3 18 22 4 21 25 12 8 17 10 13 6 23 28 14 11 24 26 15 2 5 19 7 20 
 15 18 19 7 20 16 9 3 18 22 4 21 25 12 8 17 10 13 6 23 28 14 11 24 26 15 2 5 19 7 20 16 9 
 16 28 7 20 16 9 3 18 22 4 21 25 12 8 17 10 13 6 23 28 14 11 24 26 15 2 5 19 7 20 16 9 
 17 6 20 16 9 3 18 22 4 21 25 12 8 17 10 13 6 23 28 14 11 24 26 15 2 5 19 7 20 16 9 3 
 18 22 16 9 3 18 22 4 21 25 12 8 17 10 13 6 23 28 14 11 24 26 15 2 5 19 7 20 16 9 3 18 
 19 10 9 3 18 22 4 21 25 12 8 17 10 13 6 23 28 14 11 24 26 15 2 5 19 7 20 16 9 3 18 22 
 20 14 3 18 22 4 21 25 12 8 17 10 13 6 23 28 14 11 24 26 15 2 5 19 7 20 16 9 3 18 22 4 
 21 23 18 22 4 21 25 12 8 17 10 13 6 23 28 14 11 24 26 15 2 5 19 7 20 16 9 3 18 22 4 21 
 22 4 22 4 21 25 12 8 17 10 13 6 23 28 14 11 24 26 15 2 5 19 7 20 16 9 3 18 22 4 21 25 
 23 21 4 21 25 12 8 17 10 13 6 23 28 14 11 24 26 15 2 5 19 7 20 16 9 3 18 22 4 21 25 12 
 24 25 21 25 12 8 17 10 13 6 23 28 14 11 24 26 15 2 5 19 7 20 16 9 3 18 22 4 21 25 12 8 
 25 12 25 12 8 17 10 13 6 23 28 14 11 24 26 15 2 5 19 7 20 16 9 3 18 22 4 21 25 12 8 17 
 26 13 12 8 17 10 13 6 23 28 14 11 24 26 15 2 5 19 7 20 16 9 3 18 22 4 21 25 12 8 17 10 
 27 8 8 17 10 13 6 23 28 14 11 24 26 15 2 5 19 7 20 16 9 3 18 22 4 21 25 12 8 17 10 13 
 28 30 11 24 26 15 2 5 19 7 20 16 17 9 3 18 28 6 22 10 14 23 4 21 25 12 13 8 11 24 26 15 
 1 2 3 4 5 6 7 8 9 10 11 12 13 14 15 16 17 18 19 20 21 22 23 24 25 26 27 28 29 30 31 
 
 "Q" "Q" "Z" &C&"Helvetica Neue,Regular"&12&K000000&P 
