## xl/sharedStrings.xml
 
 O B K R U X G H L S I F W V Q P N T J E Z A C Y D PASSWORD M O Nsiela Sernic J aphet by STEP1 REVERSE 97 LETTERS of k4 to find WW STEP 2 CROSS LETTERS 4 rows × 48 columns STEP 3 CROSS LETTERS 8 rows × 24 columns STEP 4 CROSS LETTERS 16 rows × 12 columns STEP 5 CROSS LETTERS 32rows × 6 columns STEP 6 CROSS LETTERS 64 rows × 3 columns Plaintext Keyword Message . classified from the softest to the hardtest Krypto's Coordinates Anagramm 1989 Fall berlin wall North West South East South West North East 4 Pannels and petrified wood at the END of sculpture that means that the wood is the END Fingernail is ongle in french ongle = angle or degree It' means that the three coodinates are the keys, we need to find the good angle or degree to find the right keyword a ² is PLAINTEXT b ² is keyword C ² IS THE RESULT COR means stone DON means a GIFT a Gi = Ki = key = Stone LEST's play with the word COORDON ATE or COORDON NEE in french like corse county of stone, like corner =angle or ongle origin of word coordonate anagram of DON =OND DAN = AND DEN = END A nd = ET = Eight =8 another way to write and is this symbol & Petrified wood is composed of fossilized wood where organic matter has been replaced by minerals (most often silicates, such as quartz , but also pyrite We have three Coordonates or three angles = TRIANGLE Remember jim sanborn is not a cryptographer at all, he is an artist he creat art and his entire work is an art we need to think like him, he build his art with clues , to solve his art Keys columns UPPER Left corner The opening of TUT TOMB 1922 - 18 89 = 33 STEP 7 BUILD THE WALL WITH LETTER BRICKS 38° 57 8 N 77° 8 45 W 38° 57 6,5 N 77° 8 44 W 33° 57 2,5 N 77° 8 40 W 38° 57 8 N 77° 8 45 W 38° 57 6,5 N 77° 8 44 W 33° 57 2,5 N 77° 8 40 W SCALE = KEY = CLE = CEL = SEL= SALT = STONE = CRYSTAL Petrified wood (from the Greek petro meaning "stone", literally " wood transformed into stone ") Mood = MUD =boue = bout = END = AND = ET = Eight = 8 = Mod = And = & Nymerology Gematria Language of Birds Ancients mysters Lost symbol KEY North angle Et angle West KEY North angle And angle West KEY North angle Eight angle West KEY North angle End angle West KEY North angle Bout angle West KEY North angle Boue angle West KEY North angle MUD angle West MASKING TECHNIIC USED CONCEALMENT Wood = Mood = Mod (modulor in the calculate) Anagramm Mohs scale allows to measure the hardness of minerals Message = Cipher - Angle mod Angle Phytagor's teorem a ² + b² = C² Message = Cipher - KEY mod N = Cipher² - KEY mod N M essage = ( a² + b² ) ² - KEY mod N M essage = ( a² + b² ) ² - KEY mod N KEY North angle MOD angle West CORDON in french = F il a rope VIGINERE C IPHER To F ind a message L INKS EXPLANATION and ILLUSTATION STEP 8 FIND FISRT KEY COORDONATE NORTH 77° 8 45 / 44 / 40 WEST = (O ² + A²)² - 97 mod 25 = T Plaintext columns = (Plaintext² + Keyword² )² - angle a Mod angle b FIRST KEY FOUND COORDONATE NORTH 77° 8 45 / 44 / 40 WEST STEP 9 FIND SECOND KEY COORDONATE NORTH ?? ° 8 45/ 44 / 40 WEST JIM SANBORN WORKSHOP we will use only clues, the clues are the keys, the keys are stones , stones are coordonates last Message 38° 12 6, 5 N 77° 8 4 4 West C L E F EXTRACTION OF KEYS IN THE 97 LETTERS OF K4 D I WILL GIVE IT NEXT SECOND KEY NEXT O E 97/28 = T OK 97/28 = T BE 97/29= T BE 95/25= T BA 95/25= T KE 97/29= T KA 97/28= T KK 97/26= T BK 94/26= T OA 95/22= T OA 93/24= T OA 93/21= T OK 93/24 = T BE 94/22= T KK 95/22= T KK 93/24= T OE 97/29= N OE 95/22= N BE 94/26= N BA 95/27= N BA 94/20= N BK 96/29= N OE 96/29= O OE 95/21= O OE 94/22= O OK 97/29= O OK 95/27= O OK 95/21= O BA 96/27= O BA 95/20= O BE 95/20= O BK 95/29= O KA 97/29= O KA 95/21= O Plaintext combinaison Keyword combinaison K L F E N LOVE AND CROSS West K L E F 
## xl/worksheets/sheet1.xml
 
 120 
 31 
 1 2 3 4 5 6 7 8 9 10 11 12 13 14 15 16 17 18 19 20 21 22 23 24 25 26 27 28 29 30 31 32 33 34 35 36 37 38 39 40 41 42 43 44 45 46 47 48 49 50 51 52 53 54 55 56 57 58 59 60 61 62 63 64 65 66 67 68 69 70 71 72 73 74 75 76 77 78 79 80 81 82 83 84 85 86 87 88 89 90 91 92 93 94 95 96 97 
 28 1 2 3 4 0 5 0 6 7 4 8 1 9 0 8 10 11 1 1 12 11 8 3 13 14 14 15 3 16 6 2 9 9 0 17 12 17 14 9 18 14 9 9 19 2 20 20 12 21 17 18 2 8 4 25 10 21 12 10 16 11 1 16 23 15 13 17 17 27 20 11 15 2 12 6 25 2 20 5 17 18 22 25 10 6 2 4 7 4 21 4 19 2 22 21 3 
 3 21 22 2 19 4 21 4 7 4 2 6 10 25 22 18 17 5 20 2 25 6 12 2 15 11 20 27 17 17 13 15 23 16 1 11 16 10 12 21 10 25 4 8 2 18 17 21 12 20 20 2 19 9 9 14 18 9 14 17 12 17 0 9 9 2 6 16 3 15 14 14 13 3 8 11 12 1 1 11 10 8 0 9 1 8 4 7 6 0 5 0 4 3 2 1 0 
 97 96 95 94 93 92 91 90 89 88 87 86 85 84 83 82 81 80 79 78 77 76 75 74 73 72 71 70 69 68 67 66 65 64 63 62 61 60 59 58 57 56 55 54 53 52 51 50 49 48 47 46 45 44 43 42 41 40 39 38 37 36 35 34 33 32 31 30 29 28 27 26 25 24 23 22 21 20 19 18 17 16 15 14 13 12 11 10 9 8 7 6 5 4 3 2 1 
 
 24 32 
 1 2 3 4 5 6 7 8 9 10 11 12 13 14 15 16 17 18 19 20 21 22 23 24 25 26 27 28 29 30 31 32 33 34 35 36 37 38 39 40 41 42 43 44 45 46 47 48 
 28 1 2 3 4 0 5 0 6 7 4 8 1 9 0 8 10 11 1 1 12 11 8 3 13 14 14 15 3 16 6 2 9 9 0 17 12 17 14 9 18 14 9 9 19 2 20 20 
 21 17 18 2 8 4 25 10 21 12 10 16 11 1 16 23 15 13 17 17 27 20 11 15 2 12 6 25 2 20 5 17 18 22 25 10 6 2 4 7 4 21 4 19 2 22 21 3 
 3 21 22 2 19 4 21 4 7 4 2 6 10 25 22 18 17 5 20 2 25 6 12 2 15 11 20 27 17 17 13 15 23 16 1 11 16 10 12 21 10 25 4 8 2 18 17 21 
 20 20 2 19 9 9 14 18 9 14 17 12 17 0 9 9 2 6 16 3 15 14 14 13 3 8 11 12 1 1 11 10 8 0 9 1 8 4 7 6 0 5 0 4 3 2 1 0 
 97 96 95 94 93 92 91 90 89 88 87 86 85 84 83 82 81 80 79 78 77 76 75 74 73 72 71 70 69 68 67 66 65 64 63 62 61 60 59 58 57 56 55 54 53 52 51 50 
 33 
 0 1 2 3 4 0 5 0 6 7 4 8 1 9 0 8 10 11 1 1 12 11 8 3 
 13 14 14 15 3 16 6 2 9 9 0 17 12 17 14 9 18 14 9 9 19 2 20 20 
 21 17 18 2 8 4 25 10 21 12 10 16 11 1 16 23 15 13 17 17 27 20 11 15 
 2 12 6 25 2 20 5 17 18 22 25 10 6 2 4 7 4 21 4 19 2 22 21 3 
 3 21 22 2 19 4 21 4 7 4 2 6 10 25 22 18 17 5 20 2 25 6 12 2 
 15 11 20 27 17 17 13 15 23 16 1 11 16 10 12 21 10 25 4 8 2 18 17 21 
 20 20 2 19 9 9 14 18 9 14 17 12 17 0 9 9 2 6 16 3 15 14 14 13 
 3 8 11 12 1 1 11 10 8 0 9 1 8 4 7 6 0 5 0 4 3 2 1 0 
 34 
 0 1 2 3 4 0 5 0 6 7 4 8 
 1 9 0 8 10 11 1 1 12 11 8 3 
 13 14 14 15 3 16 6 2 9 9 0 17 
 12 17 14 9 18 14 9 9 19 2 20 20 
 21 17 18 2 8 4 25 10 21 12 10 16 
 11 1 16 23 15 13 17 17 27 20 11 15 
 2 12 6 25 2 20 5 17 18 22 25 10 
 6 2 4 7 4 21 4 19 2 22 21 3 
 3 21 22 2 19 4 21 4 7 4 2 6 
 10 25 22 18 17 5 20 2 25 6 12 2 
 15 11 20 27 17 17 13 15 23 16 1 11 
 16 10 12 21 10 25 4 8 2 18 17 21 
 20 20 2 19 9 9 14 18 9 14 17 12 
 17 0 9 9 2 6 16 3 15 14 14 13 
 3 8 11 12 1 1 11 10 8 0 9 1 
 8 4 7 6 0 5 0 4 3 2 1 0 
 35 
 0 1 2 3 4 0 
 5 0 6 7 4 8 
 1 9 0 8 10 11 
 1 1 12 11 8 3 
 13 14 14 15 3 16 
 6 2 9 9 0 17 
 12 17 14 9 18 14 
 9 9 19 2 20 20 
 21 17 18 2 8 4 
 25 10 21 12 10 16 
 11 1 16 23 15 13 
 17 17 27 20 11 15 
 2 12 6 25 2 20 
 5 17 18 22 25 10 
 6 2 4 7 4 21 
 4 19 2 22 21 3 
 3 21 22 2 19 4 
 21 4 7 4 2 6 
 10 25 22 18 17 5 
 20 2 25 6 12 2 
 15 11 20 27 17 17 
 13 15 23 16 1 11 
 16 10 12 21 10 25 
 4 8 2 18 17 21 
 20 20 2 19 9 9 
 14 18 9 14 17 12 
 17 0 9 9 2 6 
 16 3 15 14 14 13 
 3 8 11 12 1 1 
 11 10 8 0 9 1 
 8 4 7 6 0 5 
 0 4 3 2 1 0 
 36 
 112 68 
 0 1 2 0 1 2 3 21 22 24 
 3 4 0 3 4 0 2 19 4 
 5 0 6 5 0 6 21 4 7 
 7 4 8 7 4 8 4 2 6 
 1 9 0 1 9 0 10 25 22 
 8 10 11 8 10 11 18 17 5 
 1 1 12 1 1 12 20 2 25 
 11 8 3 11 8 3 6 12 2 
 13 14 14 13 14 14 15 11 20 
 15 3 16 15 3 16 27 17 17 
 6 2 9 6 2 9 13 15 23 
 9 0 17 9 0 17 16 1 11 
 12 17 14 12 17 14 16 10 12 
 9 18 14 9 18 14 21 10 25 
 9 9 19 9 9 19 4 8 2 
 2 20 20 2 20 20 18 17 21 
 21 17 18 21 17 18 20 20 2 
 2 8 4 2 8 4 19 9 9 
 25 10 21 25 10 21 14 18 9 
 12 10 16 12 10 16 14 17 12 
 11 1 16 11 1 16 17 0 9 
 23 15 13 23 15 13 9 2 6 
 17 17 27 17 17 27 16 3 15 
 20 11 15 20 11 15 14 14 13 
 2 12 6 2 12 6 3 8 11 
 25 2 20 25 2 20 12 1 1 
 5 17 18 5 17 18 11 10 8 
 22 25 10 22 25 10 0 9 1 
 6 2 4 6 2 4 8 4 7 
 7 4 21 7 4 21 6 0 5 
 4 19 2 4 19 2 0 4 3 
 22 21 3 22 21 3 2 1 0 
 3 21 22 
 2 19 4 
 21 4 7 
 4 2 6 
 10 25 22 
 18 17 5 
 20 2 25 
 6 12 2 
 15 11 20 
 27 17 17 
 13 15 23 
 16 1 11 
 16 10 12 
 21 10 25 
 4 8 2 
 18 17 21 
 20 20 2 
 19 9 9 
 14 18 9 
 14 17 12 
 17 0 9 
 9 2 6 
 16 3 15 
 14 14 13 
 3 8 11 
 12 1 1 
 11 10 8 
 0 9 1 
 8 4 7 
 6 0 5 
 0 4 3 
 2 1 0 
 
## xl/worksheets/sheet2.xml
 
 109 
 24 24 
 45 
 24 
 71 
 
 47 50 
 25 26 27 28 29 30 31 32 33 34 35 36 37 38 39 40 41 42 43 44 45 46 47 48 1 2 3 4 5 6 7 8 9 10 11 12 13 14 15 16 17 18 19 20 21 22 23 24 1 1 2 2 3 3 4 4 
 73 72 71 70 69 68 67 66 65 64 63 62 61 60 59 58 57 56 55 54 53 52 51 50 97 96 95 94 93 92 91 90 89 88 87 86 85 84 83 82 81 80 79 78 77 76 75 74 0 1 2 3 21 22 13 14 14 15 11 20 21 17 18 20 20 2 2 12 6 3 8 11 
 13 14 14 15 3 16 6 2 9 9 0 17 12 17 14 9 18 14 9 9 19 2 20 20 0 1 2 3 4 0 5 0 6 7 4 8 1 9 0 8 10 11 1 1 12 11 8 3 3 4 0 2 19 4 15 3 16 27 17 17 2 8 4 19 9 9 25 2 20 12 1 1 
 15 11 20 27 17 17 13 15 23 16 1 11 16 10 12 21 10 25 4 8 2 18 17 21 3 21 22 2 19 4 21 4 7 4 2 6 10 25 22 18 17 5 20 2 25 6 12 2 5 0 6 21 4 7 6 2 9 13 15 23 25 10 21 14 18 9 5 17 18 11 10 8 
 7 4 8 4 2 6 9 0 17 16 1 11 12 10 16 14 17 12 22 25 10 0 9 1 
 2 12 6 25 2 20 5 17 18 22 25 10 6 2 4 7 4 21 4 19 2 22 21 3 21 17 18 2 8 4 25 10 21 12 10 16 11 1 16 23 15 13 17 17 27 20 11 15 1 9 0 10 25 22 12 17 14 16 10 12 11 1 16 17 0 9 6 2 4 8 4 7 
 3 8 11 12 1 1 11 10 8 0 9 1 8 4 7 6 0 5 0 4 3 2 1 0 20 20 2 19 9 9 14 18 9 14 17 12 17 0 9 9 2 6 16 3 15 14 14 13 8 10 11 18 17 5 9 18 14 21 10 25 23 15 13 9 2 6 7 4 21 6 0 5 
 74 75 76 77 78 79 80 81 82 83 84 85 86 87 88 89 90 91 92 93 94 95 96 97 50 51 52 53 54 55 56 57 58 59 60 61 62 63 64 65 66 67 68 69 70 71 72 73 1 1 12 20 2 25 9 9 19 4 8 2 17 17 27 16 3 15 4 19 2 0 4 3 
 24 23 22 21 20 19 18 17 16 15 14 13 12 11 10 9 8 7 6 5 4 3 2 1 48 47 46 45 44 43 42 41 40 39 38 37 36 35 34 33 32 31 30 29 28 27 26 25 11 8 3 6 12 2 2 20 20 18 17 21 20 11 15 14 14 13 22 21 3 2 1 0 
 49 48 
 108 116 
 
 110 
 
 69 
 46 70 47 50 
 97 96 95 94 93 92 91 90 89 88 87 86 85 84 83 82 81 80 79 78 77 76 75 74 73 72 71 70 69 68 67 66 65 64 63 62 61 60 59 58 57 56 55 54 53 52 51 50 
 25 26 27 28 29 30 31 32 33 34 35 36 37 38 39 40 41 42 43 44 45 46 47 48 1 2 3 4 5 6 7 8 9 10 11 12 13 14 15 16 17 18 19 20 21 22 23 24 
 0 1 2 3 4 0 5 0 6 7 4 8 1 9 0 8 10 11 1 1 12 11 8 3 13 14 14 15 3 16 6 2 9 9 0 17 12 17 14 9 18 14 9 9 19 2 20 20 
 3 21 22 2 19 4 21 4 7 4 2 6 10 25 22 18 17 5 20 2 25 6 12 2 15 11 20 27 17 17 13 15 23 16 1 11 16 10 12 21 10 25 4 8 2 18 17 21 24 
 
 21 17 18 2 8 4 25 10 21 12 10 16 11 1 16 23 15 13 17 17 27 20 11 15 2 12 6 25 2 20 5 17 18 22 25 10 6 2 4 7 4 21 4 19 2 22 21 3 
 20 20 2 19 9 9 14 18 9 14 17 12 17 0 9 9 2 6 16 3 15 14 14 13 3 8 11 12 1 1 11 10 8 0 9 1 8 4 7 6 0 5 0 4 3 2 1 0 
 24 23 22 21 20 19 18 17 16 15 14 13 12 11 10 9 8 7 6 5 4 3 2 1 48 47 46 45 44 43 42 41 40 39 38 37 36 35 34 33 32 31 30 29 28 27 26 25 
 50 51 52 53 54 55 56 57 58 59 60 61 62 63 64 65 66 67 68 69 70 71 72 73 74 75 76 77 78 79 80 81 82 83 84 85 86 87 88 89 90 91 92 93 94 95 96 97 
 49 48 
 
 
 114 
 43 
 72 67 
 73 117 
 47 74 50 
 97 96 95 94 93 92 91 90 89 88 87 86 85 84 83 82 81 80 79 78 77 76 75 74 73 72 71 70 69 68 67 66 65 64 63 62 61 60 59 58 57 56 55 54 53 52 51 50 
 96 95 94 93 92 91 90 89 88 87 86 85 84 83 82 81 80 79 78 77 76 75 74 73 72 71 70 69 68 67 66 65 64 63 62 61 60 59 58 57 56 55 54 53 52 51 50 
 95 94 93 92 91 90 89 88 87 86 85 84 83 82 81 80 79 78 77 76 75 74 73 72 71 70 69 68 67 66 65 64 63 62 61 60 59 58 57 56 55 54 53 52 51 50 
 22 26 27 25 29 30 28 32 33 31 35 36 34 38 39 37 41 42 40 44 45 43 47 48 46 2 3 1 5 6 4 8 9 7 11 12 10 14 15 13 17 18 16 20 21 19 23 24 
 0 1 2 3 4 0 5 0 6 7 4 8 1 9 0 8 10 11 1 1 12 11 8 3 13 14 14 15 3 16 6 2 9 9 0 17 12 17 14 9 18 14 9 9 19 2 20 20 
 21 2 19 22 21 4 4 4 2 7 10 25 6 18 17 22 20 2 5 6 12 25 15 11 2 27 17 20 13 15 17 16 1 23 16 10 23 21 10 12 4 8 25 18 17 2 3 21 
 
 21 3 2 17 18 25 8 4 12 10 21 11 10 16 23 1 16 17 15 13 20 17 27 2 11 15 25 12 6 5 2 20 22 17 18 6 25 10 7 2 4 4 4 21 22 19 2 21 
 20 20 2 19 9 9 14 18 9 14 17 12 17 0 9 9 2 6 16 3 15 14 14 13 3 8 11 12 1 1 11 10 8 0 9 1 8 4 7 6 0 5 0 4 3 2 1 0 
 24 23 19 21 20 16 18 17 13 15 14 10 12 11 7 9 8 4 6 5 1 3 2 46 48 47 43 45 44 40 42 41 37 39 38 34 36 35 31 33 32 28 30 29 25 27 26 22 
 50 51 52 53 54 55 56 57 58 59 60 61 62 63 64 65 66 67 68 69 70 71 72 73 74 75 76 77 78 79 80 81 82 83 84 85 86 87 88 89 90 91 92 93 94 95 96 97 
 49 48 
 115 51 
 79 
 65 
 94 
 80 
 97 
 42 
 78 
 41 
 
 52 
 53 
 54 
 43 
 75 
 118 76 
 95 160 77 
 161 106 107 
 119 100 
 88 98 
 +AY65C53:AY64C53:#REF! #NAME? 86 66 
 87 99 
 89 101 
 90 
 91 102 
 92 55 
 104 56 
 57 
 60 
 62 
 105 
 58 61 
 59 63 
 64 
 
 
 24 
 
 
 
 
 
 
 
 
 
 
 
 
 
 
 
 93 
 81 
 44 24 
 82 96 
 83 
 84 
 85 
 7 
 
## xl/worksheets/sheet3.xml
 
 2 3 23 15 17 0 9 2 4 9 0 8 4 17 10 0 16 
 
 1 2 3 4 5 6 7 8 9 10 11 12 13 14 15 16 17 18 19 20 21 22 23 24 25 26 27 28 29 30 31 32 33 34 35 36 37 38 39 40 41 42 43 44 45 46 47 48 
 2 3 4 5 6 7 8 9 10 11 12 13 14 15 16 17 18 19 20 21 22 23 24 25 26 27 28 29 30 31 32 33 34 35 36 37 38 39 40 41 42 43 44 45 46 47 48 49 
 3 4 5 6 7 8 9 10 11 12 13 14 15 16 17 18 19 20 21 22 23 24 25 26 27 28 29 30 31 32 33 34 35 36 37 38 39 40 41 42 43 44 45 46 47 48 49 50 
 97 96 95 94 93 92 91 90 89 88 87 86 85 84 83 82 81 80 79 78 77 76 75 74 73 72 71 70 69 68 67 66 65 64 63 62 61 60 59 58 57 56 55 54 53 52 51 50 
 96 95 94 93 92 91 90 89 88 87 86 85 84 83 82 81 80 79 78 77 76 75 74 73 72 71 70 69 68 67 66 65 64 63 62 61 60 59 58 57 56 55 54 53 52 51 50 49 
 95 94 93 92 91 90 89 88 87 86 85 84 83 82 81 80 79 78 77 76 75 74 73 72 71 70 69 68 67 66 65 64 63 62 61 60 59 58 57 56 55 54 53 52 51 50 49 48 
 0 1 2 3 4 0 5 0 6 7 4 8 1 9 0 8 10 11 1 1 12 11 8 3 13 14 14 15 3 16 6 2 9 9 0 17 12 17 14 9 18 14 9 9 19 2 20 20 
 1 2 3 4 0 5 0 6 7 4 8 1 9 0 8 10 11 1 1 12 11 8 3 13 14 14 15 3 16 6 2 9 9 0 17 12 17 14 9 18 14 9 9 19 2 20 20 21 
 2 3 4 0 5 0 6 7 4 8 1 9 0 8 10 11 1 1 12 11 8 3 13 14 14 15 3 16 6 2 9 9 0 17 12 17 14 9 18 14 9 9 19 2 20 20 21 17 
 
 17 16 0 3 17 7 19 21 9 17 1 19 3 8 10 16 22 8 0 22 2 19 21 9 17 16 0 3 17 7 19 21 9 17 1 19 3 8 10 16 22 8 0 22 2 19 21 9 
 16 0 3 17 7 19 21 9 17 1 19 3 8 10 16 22 8 0 22 2 19 21 9 17 16 0 3 17 7 19 21 9 17 1 19 3 8 10 16 22 8 0 22 2 19 21 9 17 
 0 3 17 7 19 21 9 17 1 19 3 8 10 16 22 8 0 22 2 19 21 9 17 16 0 3 17 7 19 21 9 17 1 19 3 8 10 16 22 8 0 22 2 19 21 9 17 16 
 
 
 8 22 16 10 8 3 19 1 17 9 21 19 7 17 3 0 16 17 9 21 19 2 22 0 8 22 16 10 8 3 19 1 17 9 21 19 7 17 3 0 16 17 9 21 19 2 22 0 
 0 8 22 16 10 8 3 19 1 17 9 21 19 7 17 3 0 16 17 9 21 19 2 22 0 8 22 16 10 8 3 19 1 17 9 21 19 7 17 3 0 16 17 9 21 19 2 22 
 22 0 8 22 16 10 8 3 19 1 17 9 21 19 7 17 3 0 16 17 9 21 19 2 22 0 8 22 16 10 8 3 19 1 17 9 21 19 7 17 3 0 16 17 9 21 19 2 
 
 0 22 2 19 21 9 17 16 0 3 17 7 19 21 9 17 1 19 3 8 10 16 22 8 0 22 2 19 21 9 17 16 0 3 17 7 19 21 9 17 1 19 3 8 10 16 22 8 
 22 2 19 21 9 17 16 0 3 17 7 19 21 9 17 1 19 3 8 10 16 22 8 0 22 2 19 21 9 17 16 0 3 17 7 19 21 9 17 1 19 3 8 10 16 22 8 0 
 2 19 21 9 17 16 0 3 17 7 19 21 9 17 1 19 3 8 10 16 22 8 0 22 2 19 21 9 17 16 0 3 17 7 19 21 9 17 1 19 3 8 10 16 22 8 0 22 
 
 
 19 2 22 0 8 22 16 10 8 3 19 1 17 9 21 19 7 17 3 0 16 17 9 21 19 2 22 0 8 22 16 10 8 3 19 1 17 9 21 19 7 17 3 0 16 17 9 21 
 21 19 2 22 0 8 22 16 10 8 3 19 1 17 9 21 19 7 17 3 0 16 17 9 21 19 2 22 0 8 22 16 10 8 3 19 1 17 9 21 19 7 17 3 0 16 17 9 
 9 21 19 2 22 0 8 22 16 10 8 3 19 1 17 9 21 19 7 17 3 0 16 17 9 21 19 2 22 0 8 22 16 10 8 3 19 1 17 9 21 19 7 17 3 0 16 17 
 
 17 21 20 20 2 19 9 9 14 18 9 14 17 12 17 0 9 9 2 6 16 3 15 14 14 13 3 8 11 12 1 1 11 10 8 0 9 1 8 4 7 6 0 5 0 4 3 2 
 21 20 20 2 19 9 9 14 18 9 14 17 12 17 0 9 9 2 6 16 3 15 14 14 13 3 8 11 12 1 1 11 10 8 0 9 1 8 4 7 6 0 5 0 4 3 2 1 
 20 20 2 19 9 9 14 18 9 14 17 12 17 0 9 9 2 6 16 3 15 14 14 13 3 8 11 12 1 1 11 10 8 0 9 1 8 4 7 6 0 5 0 4 3 2 1 0 
 48 49 50 51 52 53 54 55 56 57 58 59 60 61 62 63 64 65 66 67 68 69 70 71 72 73 74 75 76 77 78 79 80 81 82 83 84 85 86 87 88 89 90 91 92 93 94 95 
 49 50 51 52 53 54 55 56 57 58 59 60 61 62 63 64 65 66 67 68 69 70 71 72 73 74 75 76 77 78 79 80 81 82 83 84 85 86 87 88 89 90 91 92 93 94 95 96 
 50 51 52 53 54 55 56 57 58 59 60 61 62 63 64 65 66 67 68 69 70 71 72 73 74 75 76 77 78 79 80 81 82 83 84 85 86 87 88 89 90 91 92 93 94 95 96 97 
 48 47 46 45 44 43 42 41 40 39 38 37 36 35 34 33 32 31 30 29 28 27 26 25 24 23 22 21 20 19 18 17 16 15 14 13 12 11 10 9 8 7 6 5 4 3 2 1 
 49 48 47 46 45 44 43 42 41 40 39 38 37 36 35 34 33 32 31 30 29 28 27 26 25 24 23 22 21 20 19 18 17 16 15 14 13 12 11 10 9 8 7 6 5 4 3 2 
 50 49 48 47 46 45 44 43 42 41 40 39 38 37 36 35 34 33 32 31 30 29 28 27 26 25 24 23 22 21 20 19 18 17 16 15 14 13 12 11 10 9 8 7 6 5 4 3 
 
 
 
 
 
## xl/worksheets/sheet4.xml
 
 
 2 3 23 15 17 0 9 2 4 9 0 8 4 17 10 0 16 
 
 
 
 C15:BA52 0 
 1 2 3 4 5 6 7 8 9 10 11 12 13 14 15 16 17 18 19 20 21 22 23 24 
 2 3 4 5 6 7 8 9 10 11 12 13 14 15 16 17 18 19 20 21 22 23 24 25 
 3 4 5 6 7 8 9 10 11 12 13 14 15 16 17 18 19 20 21 22 23 24 25 26 
 97 96 95 94 93 92 91 90 89 88 87 86 85 84 83 82 81 80 79 78 77 76 75 74 
 96 95 94 93 92 91 90 89 88 87 86 85 84 83 82 81 80 79 78 77 76 75 74 73 
 95 94 93 92 91 90 89 88 87 86 85 84 83 82 81 80 79 78 77 76 75 74 73 72 
 22 26 27 25 29 30 28 32 33 31 35 36 34 38 39 37 41 42 40 44 45 43 47 48 9 19 22 0 16 121 2 19 23 
 26 27 25 29 30 28 32 33 31 35 36 34 38 39 37 41 42 40 44 45 43 47 48 
 27 25 29 30 28 32 33 31 35 36 34 38 39 37 41 42 40 44 45 43 47 48 122 
 37 0 1 2 3 4 0 5 0 6 7 4 8 1 9 0 8 10 11 1 1 12 11 8 3 
 1 2 3 4 0 5 0 6 7 4 8 1 9 0 8 10 11 1 1 12 11 8 3 
 2 3 4 0 5 0 6 7 4 8 1 9 0 8 10 11 1 1 12 11 8 3 
 26 21 2 19 22 21 4 4 4 2 7 10 25 6 18 17 22 20 2 5 6 12 25 8 17 
 39 17 16 0 3 17 7 19 21 9 17 1 19 3 8 10 16 22 8 0 22 2 19 21 9 
 16 0 3 17 7 19 21 9 17 1 19 3 8 10 16 22 8 0 22 2 19 21 9 17 
 0 3 17 7 19 21 9 17 1 19 3 8 10 16 22 8 0 22 2 19 21 9 17 16 
 
 8 22 16 10 8 3 19 1 17 9 21 19 7 17 3 0 16 17 9 21 19 2 22 0 
 0 8 22 16 10 8 3 19 1 17 9 21 19 7 17 3 0 16 17 9 21 19 2 22 
 22 0 8 22 16 10 8 3 19 1 17 9 21 19 7 17 3 0 16 17 9 21 19 2 
 
 0 22 2 19 21 9 17 16 0 3 17 7 19 21 9 17 1 19 3 8 10 16 22 8 
 158 159 22 2 19 21 9 17 16 0 3 17 7 19 21 9 17 1 19 3 8 10 16 22 8 0 
 97 96 95 22 26 27 2 19 21 9 17 16 0 3 17 7 19 21 9 17 1 19 3 8 10 16 22 8 0 22 
 96 95 94 26 27 25 24 
 95 94 93 27 25 29 
 0 1 2 21 2 19 19 2 22 0 8 22 16 10 8 3 19 1 17 9 21 19 7 17 3 0 16 17 9 21 
 0 2 1 21 19 2 21 19 2 22 0 8 22 16 10 8 3 19 1 17 9 21 19 7 17 3 0 16 17 9 
 1 0 2 2 21 19 9 21 19 2 22 0 8 22 16 10 8 3 19 1 17 9 21 19 7 17 3 0 16 17 
 26 1 2 0 2 19 21 25 8 17 5 6 12 22 20 2 6 18 17 7 10 25 4 0 2 22 21 4 21 2 19 
 2 0 1 19 2 21 3 8 11 12 1 1 11 10 8 0 9 1 8 4 7 6 0 5 0 4 3 2 
 2 1 0 19 21 2 3 8 11 12 1 1 11 10 8 0 9 1 8 4 7 6 0 5 0 4 3 2 1 
 3 8 11 12 1 1 11 10 8 0 9 1 8 4 7 6 0 5 0 4 3 2 1 0 
 50 49 48 47 43 45 44 40 42 41 37 39 38 34 36 35 31 33 32 28 30 29 25 51 
 49 48 47 43 45 44 40 42 41 37 39 38 34 36 35 31 33 32 28 30 29 25 51 50 
 48 47 43 45 44 40 42 41 37 39 38 34 36 35 31 33 32 28 30 29 25 51 50 49 
 72 73 74 75 76 77 78 79 80 81 82 83 84 85 86 87 88 89 90 91 92 93 94 95 
 73 74 75 76 77 78 79 80 81 82 83 84 85 86 87 88 89 90 91 92 93 94 95 96 
 74 75 76 77 78 79 80 81 82 83 84 85 86 87 88 89 90 91 92 93 94 95 96 97 
 24 23 22 21 20 19 18 17 16 15 14 13 12 11 10 9 8 7 6 5 4 3 2 1 
 25 24 23 22 21 20 19 18 17 16 15 14 13 12 11 10 9 8 7 6 5 4 3 2 
 26 25 24 23 22 21 20 19 18 17 16 15 14 13 12 11 10 9 8 7 6 5 4 3 
 
 
## xl/worksheets/sheet5.xml
 
 
 
 40 
 
 24 2 3 23 15 17 0 2 4 9 0 8 13 19 25 30 29 
 103 
 113 13 10 6 10 16 19 3 22 23 15 7 19 3 
 111 
 
 37 0 1 2 3 4 0 5 0 6 7 4 8 1 9 0 8 10 11 1 1 12 11 8 3 13 14 14 15 3 16 6 2 9 9 0 17 12 17 14 9 18 14 9 9 19 2 20 20 
 38 21 2 19 22 21 4 4 4 2 7 10 25 6 18 17 22 20 2 5 6 12 25 15 11 2 27 17 20 13 15 17 16 1 23 16 10 23 21 10 12 4 8 25 18 17 2 3 21 
 39 17 16 0 3 17 7 19 21 9 17 1 19 3 8 10 16 22 8 0 22 2 19 21 9 17 16 0 3 17 7 19 21 9 17 1 19 3 8 10 16 22 8 0 22 2 19 21 9 123 
 19 1 2 3 4 5 6 7 8 9 10 11 12 13 14 15 16 17 18 19 20 21 22 23 24 25 26 27 28 29 30 31 32 33 34 35 36 37 38 39 40 41 42 43 44 45 46 47 48 
 22 10 15 7 19 3 17 19 5 17 22 10 15 7 19 3 17 19 5 17 22 10 15 7 19 3 17 19 5 17 22 10 15 7 19 3 17 19 5 17 
 21 2 19 0 1 2 3 4 0 5 0 6 7 4 8 1 9 0 8 10 11 1 1 12 11 8 3 13 14 14 15 3 16 6 2 9 9 0 17 12 17 14 9 18 14 9 9 19 2 20 20 
 22 21 4 1 2 3 4 0 5 0 6 7 4 8 1 9 0 8 10 11 1 1 12 11 8 3 13 14 14 15 3 16 6 2 9 9 0 17 12 17 14 9 18 14 9 9 19 2 20 20 21 
 4 4 2 2 3 4 0 5 0 6 7 4 8 1 9 0 8 10 11 1 1 12 11 8 3 13 14 14 15 3 16 6 2 9 9 0 17 12 17 14 9 18 14 9 9 19 2 20 20 21 17 
 7 10 25 3 4 0 5 0 6 7 4 8 1 9 0 8 10 11 1 1 12 11 8 3 13 14 14 15 3 16 6 2 9 9 0 17 12 17 14 9 18 14 9 9 19 2 20 20 21 17 18 
 6 18 17 4 0 5 0 6 7 4 8 1 9 0 8 10 11 1 1 12 11 8 3 13 14 14 15 3 16 6 2 9 9 0 17 12 17 14 9 18 14 9 9 19 2 20 20 21 17 18 2 
 22 20 2 0 5 0 6 7 4 8 1 9 0 8 10 11 1 1 12 11 8 3 13 14 14 15 3 16 6 2 9 9 0 17 12 17 14 9 18 14 9 9 19 2 20 20 21 17 18 2 8 
 5 6 12 5 0 6 7 4 8 1 9 0 8 10 11 1 1 12 11 8 3 13 14 14 15 3 16 6 2 9 9 0 17 12 17 14 9 18 14 9 9 19 2 20 20 21 17 18 2 8 4 
 25 15 11 0 6 7 4 8 1 9 0 8 10 11 1 1 12 11 8 3 13 14 14 15 3 16 6 2 9 9 0 17 12 17 14 9 18 14 9 9 19 2 20 20 21 17 18 2 8 4 25 
 2 27 17 2 6 7 4 8 1 9 0 8 10 11 1 1 12 11 8 3 13 14 14 15 3 16 6 2 9 9 0 17 12 17 14 9 18 14 9 9 19 2 20 20 21 17 18 2 8 4 25 10 
 20 13 15 19 7 4 8 1 9 0 8 10 11 1 1 12 11 8 3 13 14 14 15 3 16 6 2 9 9 0 17 12 17 14 9 18 14 9 9 19 2 20 20 21 17 18 2 8 4 25 10 21 
 17 16 1 23 4 8 1 9 0 8 10 11 1 1 12 11 8 3 13 14 14 15 3 16 6 2 9 9 0 17 12 17 14 9 18 14 9 9 19 2 20 20 21 17 18 2 8 4 25 10 21 12 
 23 16 10 12 8 1 9 0 8 10 11 1 1 12 11 8 3 13 14 14 15 3 16 6 2 9 9 0 17 12 17 14 9 18 14 9 9 19 2 20 20 21 17 18 2 8 4 25 10 21 12 10 
 23 21 10 0 1 9 0 8 10 11 1 1 12 11 8 3 13 14 14 15 3 16 6 2 9 9 0 17 12 17 14 9 18 14 9 9 19 2 20 20 21 17 18 2 8 4 25 10 21 12 10 16 
 12 4 8 3 9 0 8 10 11 1 1 12 11 8 3 13 14 14 15 3 16 6 2 9 9 0 17 12 17 14 9 18 14 9 9 19 2 20 20 21 17 18 2 8 4 25 10 21 12 10 16 11 
 25 18 17 25 0 8 10 11 1 1 12 11 8 3 13 14 14 15 3 16 6 2 9 9 0 17 12 17 14 9 18 14 9 9 19 2 20 20 21 17 18 2 8 4 25 10 21 12 10 16 11 1 
 2 3 21 8 10 11 1 1 12 11 8 3 13 14 14 15 3 16 6 2 9 9 0 17 12 17 14 9 18 14 9 9 19 2 20 20 21 17 18 2 8 4 25 10 21 12 10 16 11 1 16 
 2 10 11 1 1 12 11 8 3 13 14 14 15 3 16 6 2 9 9 0 17 12 17 14 9 18 14 9 9 19 2 20 20 21 17 18 2 8 4 25 10 21 12 10 16 11 1 16 23 
 19 11 1 1 12 11 8 3 13 14 14 15 3 16 6 2 9 9 0 17 12 17 14 9 18 14 9 9 19 2 20 20 21 17 18 2 8 4 25 10 21 12 10 16 11 1 16 23 15 
 23 1 1 12 11 8 3 13 14 14 15 3 16 6 2 9 9 0 17 12 17 14 9 18 14 9 9 19 2 20 20 21 17 18 2 8 4 25 10 21 12 10 16 11 1 16 23 15 13 
 12 1 12 11 8 3 13 14 14 15 3 16 6 2 9 9 0 17 12 17 14 9 18 14 9 9 19 2 20 20 21 17 18 2 8 4 25 10 21 12 10 16 11 1 16 23 15 13 17 
 0 12 11 8 3 13 14 14 15 3 16 6 2 9 9 0 17 12 17 14 9 18 14 9 9 19 2 20 20 21 17 18 2 8 4 25 10 21 12 10 16 11 1 16 23 15 13 17 17 
 3 11 8 3 13 14 14 15 3 16 6 2 9 9 0 17 12 17 14 9 18 14 9 9 19 2 20 20 21 17 18 2 8 4 25 10 21 12 10 16 11 1 16 23 15 13 17 17 27 
 25 8 3 13 14 14 15 3 16 6 2 9 9 0 17 12 17 14 9 18 14 9 9 19 2 20 20 21 17 18 2 8 4 25 10 21 12 10 16 11 1 16 23 15 13 17 17 27 20 
 3 13 14 14 15 3 16 6 2 9 9 0 17 12 17 14 9 18 14 9 9 19 2 20 20 21 17 18 2 8 4 25 10 21 12 10 16 11 1 16 23 15 13 17 17 27 20 11 
 2 13 14 14 15 3 16 6 2 9 9 0 17 12 17 14 9 18 14 9 9 19 2 20 20 21 17 18 2 8 4 25 10 21 12 10 16 11 1 16 23 15 13 17 17 27 20 11 15 
 19 14 14 15 3 16 6 2 9 9 0 17 12 17 14 9 18 14 9 9 19 2 20 20 21 17 18 2 8 4 25 10 21 12 10 16 11 1 16 23 15 13 17 17 27 20 11 15 
 103 158 159 
 113 97 96 95 22 26 27 
 111 96 95 94 26 27 25 
 124 140 146 95 94 93 27 25 29 
 133 141 147 0 1 2 21 2 19 
 134 142 148 0 2 1 21 19 2 
 135 143 149 1 0 2 2 21 19 
 125 144 150 1 2 0 2 19 21 
 136 145 151 2 0 1 19 2 21 
 126 154 2 1 0 19 21 2 
 127 152 
 137 153 
 128 155 
 132 156 
 129 157 
 130 
 131 
 138 
 139 
 