1,"a",2,2
2,"I",1,1
3,"am",6,7
4,"an",2,3
5,"as",39,40
6,"at",2,3
7,"be",35,36
8,"by",89,90
9,"Dr",89,90
10,"do",4,5
11,"eg",2,3
12,"he",65,66
13,"hi",116,117
14,"if",36,37
15,"in",38,39
16,"is",65,66
17,"it",1,2
18,"Mr",13,14
19,"Ms",8,9
20,"me",3,4
21,"mu",3,4
22,"my",30,31
23,"no",93,94
24,"OK",29,30
25,"of",54,55
26,"on",23,24
27,"or",111,112
28,"ox",23,24
29,"pa",2,3
30,"pi",33,34
31,"re",19,20
32,"so",51,52
33,"to",23,24
34,"up",186,187
35,"us",38,39
36,"we",2,3
37,"wo",121,122
38,"à la",49,50
39,"aba",33,35
40,"ace",211,213
41,"act",12,14
42,"add",101,103
43,"ado",2,4
44,"aft",83,85
45,"aga",53,55
46,"age",6,8
47,"aha",63,65
48,"aid",265,267
49,"aim",19,21
50,"ain",83,85
51,"air",88,90
52,"ais",63,65
53,"ait",19,21
54,"alb",263,265
55,"ale",86,88
56,"als",195,197
57,"alt",17,19
58,"amp",94,96
59,"amu",53,55
60,"ana",2,4
61,"and",211,213
62,"ant",12,14
63,"any",231,233
64,"ape",140,142
65,"apt",209,211
66,"are",17,19
67,"ark",293,295
68,"arm",295,297
69,"art",15,17
70,"ask",88,90
71,"ass",114,116
72,"ate",2,4
73,"ave",88,90
74,"awe",140,142
75,"awn",92,94
76,"axe",101,103
77,"aye",98,100
78,"baa",191,193
79,"bah",35,37
80,"bar",191,193
81,"bed",35,37
82,"bee",64,66
83,"bel",64,66
84,"ben",35,37
85,"bet",35,37
86,"bib",64,66
87,"bid",64,66
88,"bin",64,66
89,"bit",64,66
90,"boa",133,135
91,"bod",215,217
92,"bop",269,271
93,"bot",215,217
94,"bow",269,271
95,"box",215,217
96,"bra",79,81
97,"bus",64,66
98,"cad",152,154
99,"cam",18,20
100,"can",152,154
101,"car",173,175
102,"cat",18,20
103,"cep",226,228
104,"cig",226,228
105,"con",164,166
106,"cot",164,166
107,"cru",264,266
108,"cue",87,89
109,"cur",288,290
110,"cut",213,215
111,"cwm",18,20
112,"dag",50,52
113,"dak",9,11
114,"dam",50,52
115,"dan",9,11
116,"daw",89,91
117,"dee",35,37
118,"def",64,66
119,"den",89,91
120,"dib",35,37
121,"did",35,37
122,"die",64,66
123,"din",35,37
124,"dit",35,37
125,"doc",158,160
126,"doe",4,6
127,"dog",254,256
128,"don",20,22
129,"dos",4,6
130,"dot",20,22
131,"due",35,37
132,"dye",185,187
133,"écu",82,84
134,"ear",85,87
135,"eas",38,40
136,"eat",1,3
137,"eel",37,39
138,"eft",90,92
139,"egg",98,100
140,"elf",38,40
141,"elk",82,84
142,"els",62,64
143,"ems",33,35
144,"emu",2,4
145,"end",17,19
146,"eon",22,24
147,"era",82,84
148,"ere",38,40
149,"erk",292,294
150,"ern",85,87
151,"err",82,84
152,"ers",38,40
153,"est",36,38
154,"eth",39,41
155,"eve",36,38
156,"ewe",1,3
157,"ext",19,21
158,"eye",140,142
159,"far",82,84
160,"fee",38,40
161,"fen",82,84
162,"feu",38,40
163,"few",48,50
164,"fey",104,106
165,"fir",38,40
166,"fit",48,50
167,"foe",91,93
168,"fop",91,93
169,"fro",104,106
170,"fug",48,50
171,"gad",238,240
172,"gag",3,5
173,"gal",260,262
174,"gan",221,223
175,"gas",55,57
176,"gat",3,5
177,"gee",8,10
178,"gem",3,5
179,"gen",55,57
180,"get",3,5
181,"gie",34,36
182,"gig",8,10
183,"gis",143,145
184,"git",8,10
185,"gnu",212,214
186,"gum",132,134
187,"gun",8,10
188,"gut",8,10
189,"gym",163,165
190,"ham",117,119
191,"has",65,67
192,"hat",117,119
193,"haw",199,201
194,"hem",117,119
195,"hen",65,67
196,"her",146,148
197,"het",65,67
198,"hew",116,118
199,"hex",280,282
200,"hic",146,148
201,"hid",279,281
202,"hie",145,147
203,"him",116,118
204,"hin",146,148
205,"hit",116,118
206,"hot",118,120
207,"hue",146,148
208,"hum",116,118
209,"hut",116,118
210,"ice",85,87
211,"icy",292,294
212,"ilk",81,83
213,"ink",292,294
214,"inn",85,87
215,"ins",38,40
216,"ion",21,23
217,"ire",37,39
218,"irk",291,293
219,"Jew",236,238
220,"jab",272,274
221,"jap",136,138
222,"jaw",136,138
223,"jay",94,96
224,"jet",94,96
225,"jib",53,55
226,"jig",236,238
227,"jut",236,238
228,"kai",16,18
229,"keg",139,141
230,"ken",14,16
231,"key",294,296
232,"kid",264,266
233,"kin",173,175
234,"kip",226,228
235,"kit",18,20
236,"lac",227,229
237,"lag",49,51
238,"lam",49,51
239,"law",88,90
240,"lea",39,41
241,"lee",39,41
242,"leg",227,229
243,"lei",63,65
244,"lem",49,51
245,"les",114,116
246,"let",49,51
247,"lev",114,116
248,"ley",88,90
249,"lid",39,41
250,"lie",63,65
251,"lit",39,41
252,"lot",19,21
253,"lox",19,21
254,"lye",184,186
255,"Mrs",112,114
256,"mad",31,33
257,"man",31,33
258,"map",138,140
259,"mar",13,15
260,"mas",112,114
261,"mat",31,33
262,"maw",138,140
263,"may",96,98
264,"men",13,15
265,"met",13,15
266,"mew",3,5
267,"mid",55,57
268,"min",55,57
269,"mis",143,145
270,"mix",102,104
271,"mon",122,124
272,"mop",123,125
273,"mot",122,124
274,"mow",123,125
275,"mud",238,240
276,"mug",3,5
277,"mum",3,5
278,"mya",95,97
279,"nag",4,6
280,"nap",185,187
281,"nas",56,58
282,"neb",56,58
283,"net",4,6
284,"new",9,11
285,"nil",35,37
286,"nit",9,11
287,"non",166,168
288,"not",166,168
289,"now",93,95
290,"nun",9,11
291,"nut",9,11
292,"oak",95,97
293,"oar",169,171
294,"oat",30,32
295,"oft",259,261
296,"oik",259,261
297,"one",23,25
298,"ore",111,113
299,"our",259,261
300,"out",24,26
301,"owe",30,32
302,"pan",241,243
303,"pat",2,4
304,"pea",131,133
305,"pee",33,35
306,"peg",241,243
307,"pen",101,103
308,"pet",2,4
309,"pew",131,133
310,"pie",33,35
311,"pis",142,144
312,"pit",131,133
313,"ply",101,103
314,"pre",101,103
315,"pug",131,133
316,"put",131,133
317,"rad",153,155
318,"rag",248,250
319,"raj",105,107
320,"ram",19,21
321,"ran",153,155
322,"rap",184,186
323,"ras",265,267
324,"rat",19,21
325,"raw",105,107
326,"rec",83,85
327,"red",265,267
328,"ref",39,41
329,"rem",19,21
330,"rep",227,229
331,"res",63,65
332,"ret",19,21
333,"rev",63,65
334,"ria",39,41
335,"rig",227,229
336,"rim",49,51
337,"roc",165,167
338,"roe",92,94
339,"rot",165,167
340,"row",92,94
341,"rue",88,90
342,"rug",49,51
343,"rum",49,51
344,"run",227,229
345,"rut",49,51
346,"rye",295,297
347,"sam",118,120
348,"sat",118,120
349,"saw",200,202
350,"sea",65,67
351,"sec",148,150
352,"see",65,67
353,"sen",36,38
354,"set",36,38
355,"sew",117,119
356,"sex",80,82
357,"sib",65,67
358,"sic",147,149
359,"sin",65,67
360,"sir",146,148
361,"sit",65,67
362,"six",280,282
363,"ska",291,293
364,"ski",149,151
365,"sly",181,183
366,"sod",216,218
367,"son",216,218
368,"sop",270,272
369,"sot",119,121
370,"sou",51,53
371,"sow",270,272
372,"sue",65,67
373,"sum",117,119
374,"sus",65,67
375,"tab",32,34
376,"tad",32,34
377,"tag",93,95
378,"tai",18,20
379,"taj",164,166
380,"tam",93,95
381,"tan",32,34
382,"tao",166,168
383,"tap",139,141
384,"tar",14,16
385,"tas",87,89
386,"tat",32,34
387,"taw",139,141
388,"tax",100,102
389,"tay",97,99
390,"tea",4,6
391,"ted",18,20
392,"tee",4,6
393,"teg",32,34
394,"ten",14,16
395,"tes",35,37
396,"the",64,66
397,"tic",84,86
398,"tie",9,11
399,"tin",56,58
400,"tip",9,11
401,"tis",64,66
402,"tit",4,6
403,"toe",23,25
404,"tog",122,124
405,"tom",122,124
406,"ton",123,125
407,"top",29,31
408,"tor",161,163
409,"tot",122,124
410,"tow",29,31
411,"toy",123,125
412,"try",294,296
413,"tug",4,6
414,"tui",56,58
415,"tum",4,6
416,"tun",154,156
417,"tup",185,187
418,"tux",154,156
419,"uke",11,13
420,"ult",150,152
421,"ups",186,188
422,"urn",292,294
423,"use",38,40
424,"ute",1,3
425,"utu",1,3
426,"vat",90,92
427,"vet",90,92
428,"vex",149,151
429,"via",47,49
430,"vie",37,39
431,"vis",61,63
432,"wad",98,100
433,"wan",98,100
434,"war",12,14
435,"was",211,213
436,"wax",98,100
437,"web",211,213
438,"wee",2,4
439,"wen",12,14
440,"wet",12,14
441,"wig",241,243
442,"win",101,103
443,"wis",142,144
444,"wit",2,4
445,"woe",256,258
446,"wok",121,123
447,"won",121,123
448,"yea",100,102
449,"yen",210,212
450,"yes",32,34
451,"yet",97,99
452,"yin",100,102
453,"zag",132,134
454,"zea",34,36
455,"zee",34,36
456,"zit",34,36
457,"à bas",35,37
458,"Adam",131,134
459,"Agni",110,113
460,"Apia",187,190
461,"Apis",140,143
462,"Aras",263,266
463,"Asia",114,117
464,"abas",33,36
465,"abed",33,36
466,"abet",33,36
467,"able",33,36
468,"adit",33,36
469,"ados",2,5
470,"aeon",165,168
471,"a few",265,268
472,"aged",53,56
473,"agma",94,97
474,"aide",265,268
475,"airt",88,91
476,"akee",211,214
477,"alae",86,89
478,"alar",287,290
479,"alec",287,290
480,"alee",177,180
481,"alga",151,154
482,"alto",17,20
483,"alts",263,266
484,"amah",110,113
485,"amen",110,113
486,"amid",53,56
487,"amps",272,275
488,"anew",131,134
489,"anil",33,36
490,"anis",142,145
491,"anna",245,248
492,"ante",12,15
493,"anti",211,214
494,"ants",211,214
495,"a one",256,259
496,"apes",140,143
497,"apse",140,143
498,"area",86,89
499,"ares",195,198
500,"aria",177,180
501,"aril",177,180
502,"arse",195,198
503,"at it",2,5
504,"attn",22,25
505,"awed",209,212
506,"awes",140,143
507,"awny",203,206
508,"ayin",98,101
509,"Bali",191,194
510,"Bari",191,194
511,"Bida",64,67
512,"Boer",50,53
513,"Brie",35,38
514,"baas",191,194
515,"baht",35,38
516,"bait",79,82
517,"bale",191,194
518,"bare",191,194
519,"bars",191,194
520,"base",35,38
521,"bast",45,48
522,"beds",59,62
523,"beef",144,147
524,"been",64,67
525,"beer",278,281
526,"beet",64,67
527,"bend",191,194
528,"bens",35,38
529,"bent",191,194
530,"berm",198,201
531,"best",144,147
532,"beta",191,194
533,"beth",35,38
534,"bets",35,38
535,"bide",64,67
536,"bier",144,147
537,"bilk",278,281
538,"bine",64,67
539,"bint",198,201
540,"birr",278,281
541,"bite",64,67
542,"bits",64,67
543,"blag",45,48
544,"blat",45,48
545,"blue",35,38
546,"boat",269,272
547,"bone",215,218
548,"bops",269,272
549,"bort",133,136
550,"bows",269,272
551,"brae",79,82
552,"braw",180,183
553,"bren",79,82
554,"brew",45,48
555,"brim",45,48
556,"brit",45,48
557,"brut",45,48
558,"bust",64,67
559,"byte",89,92
560,"C in C",288,291
561,"cage",247,250
562,"calf",173,176
563,"came",247,250
564,"cane",152,155
565,"can't",152,156
566,"care",173,176
567,"cars",173,176
568,"cast",264,267
569,"cede",264,267
570,"cent",173,176
571,"cero",87,90
572,"cert",87,90
573,"chat",113,116
574,"cist",113,116
575,"cite",87,90
576,"clam",264,267
577,"coke",164,167
578,"conk",164,167
579,"conn",164,167
580,"cote",164,167
581,"cree",264,267
582,"crew",264,267
583,"crim",264,267
584,"cuke",226,229
585,"cunt",226,229
586,"curt",288,291
587,"cute",226,229
588,"Devi",278,281
589,"dame",50,53
590,"damn",215,218
591,"damp",269,272
592,"dank",9,12
593,"dark",290,293
594,"darn",290,293
595,"dart",290,293
596,"data",9,12
597,"date",9,12
598,"dawn",89,92
599,"deaf",79,82
600,"deal",191,194
601,"dear",191,194
602,"deck",290,293
603,"deed",35,38
604,"deer",64,67
605,"deft",198,201
606,"dele",35,38
607,"delf",35,38
608,"deli",35,38
609,"deme",9,12
610,"demy",269,272
611,"dent",89,92
612,"de re",35,38
613,"derv",35,38
614,"dhal",144,147
615,"dice",191,194
616,"died",64,67
617,"diet",64,67
618,"dike",191,194
619,"dine",35,38
620,"dins",35,38
621,"dint",191,194
622,"dire",64,67
623,"dirt",198,201
624,"disc",144,147
625,"disk",144,147
626,"dita",191,194
627,"dits",35,38
628,"diva",144,147
629,"dive",144,147
630,"dodo",20,23
631,"doge",254,257
632,"doit",249,252
633,"dome",254,257
634,"done",20,23
635,"dong",26,29
636,"don't",20,24
637,"dost",4,7
638,"dote",20,23
639,"drop",89,92
640,"dues",35,38
641,"duet",191,194
642,"dust",45,48
643,"dyes",185,188
644,"dyke",106,109
645,"Edam",49,52
646,"Edda",265,268
647,"Eden",88,91
648,"Eire",36,39
649,"Erse",62,65
650,"Esau",280,283
651,"earl",262,265
652,"earn",292,295
653,"ears",176,179
654,"ease",38,41
655,"east",48,51
656,"ebon",214,217
657,"ecad",151,154
658,"echt",195,198
659,"ecru",263,266
660,"edge",153,156
661,"edit",39,42
662,"eels",61,64
663,"efts",193,196
664,"egis",142,145
665,"elks",82,85
666,"emit",2,5
667,"ends",195,198
668,"ergs",186,189
669,"erne",85,88
670,"erns",176,179
671,"erst",38,41
672,"et al",15,18
673,"etas",86,89
674,"etna",2,5
675,"etui",265,268
676,"even",148,151
677,"ever",80,83
678,"eves",36,39
679,"exam",105,108
680,"eyas",209,212
681,"eyed",209,212
682,"eyes",140,143
683,"F Eng",183,186
684,"fare",82,85
685,"fawn",104,107
686,"fête",85,87
687,"feat",48,51
688,"feel",38,41
689,"feet",48,51
690,"fend",82,85
691,"fest",62,65
692,"feta",82,85
693,"fife",62,65
694,"file",38,41
695,"fils",57,60
696,"fire",38,41
697,"firs",38,41
698,"fore",107,110
699,"form",202,205
700,"fort",202,205
701,"froe",104,107
702,"fume",48,51
703,"Gaea",102,105
704,"gage",3,6
705,"gain",102,105
706,"gait",102,105
707,"game",3,6
708,"gamy",25,28
709,"gate",221,224
710,"gaze",3,6
711,"gean",8,11
712,"gees",143,146
713,"gene",55,58
714,"gens",55,58
715,"gent",260,263
716,"geta",260,263
717,"gets",55,58
718,"ghee",143,146
719,"gîte",13,15
720,"gird",190,193
721,"girt",190,193
722,"gist",277,280
723,"give",277,280
724,"glee",55,58
725,"glib",55,58
726,"glue",55,58
727,"gnat",246,249
728,"grey",102,105
729,"guck",8,11
730,"gunk",8,11
731,"gyre",207,210
732,"gyri",207,210
733,"Hera",279,282
734,"Herr",279,282
735,"haem",199,202
736,"haft",280,283
737,"haik",280,283
738,"halm",147,150
739,"halt",147,150
740,"hare",147,150
741,"harp",147,150
742,"hast",65,68
743,"haul",280,283
744,"hawk",199,202
745,"heal",146,149
746,"hear",146,149
747,"heat",116,119
748,"heed",279,282
749,"heft",145,148
750,"herd",146,149
751,"here",279,282
752,"hike",146,149
753,"hind",146,149
754,"hint",146,149
755,"homy",118,121
756,"hoop",118,121
757,"hued",146,149
758,"Inst",38,41
759,"ibex",77,80
760,"iced",262,265
761,"ices",194,197
762,"idea",38,41
763,"idem",48,51
764,"ilia",61,64
765,"ilks",81,84
766,"inns",176,179
767,"inti",85,88
768,"iota",27,30
769,"ires",61,64
770,"item",91,94
771,"June",236,239
772,"jabs",272,275
773,"jade",272,275
774,"jane",272,275
775,"jape",136,139
776,"japs",136,139
777,"jaws",136,139
778,"jean",236,239
779,"jeep",6,9
780,"jets",110,113
781,"jibe",53,56
782,"jute",236,239
783,"Kiev",113,116
784,"kaki",208,211
785,"kame",233,236
786,"kami",233,236
787,"kana",296,299
788,"kant",208,211
789,"keas",264,267
790,"keek",173,176
791,"keen",173,176
792,"keep",226,229
793,"kegs",139,142
794,"kent",14,17
795,"kerb",173,176
796,"kern",173,176
797,"kike",173,176
798,"kind",173,176
799,"kine",264,267
800,"kirk",288,291
801,"kite",173,176
802,"kits",264,267
803,"knee",32,35
804,"knew",130,133
805,"knit",130,133
806,"Leo I",49,52
807,"Leo X",214,217
808,"Leto",214,217
809,"lake",227,230
810,"lama",268,271
811,"lamé",49,52
812,"lame",49,52
813,"lamp",268,271
814,"lank",227,230
815,"lark",289,292
816,"larn",289,292
817,"late",227,230
818,"lawn",88,91
819,"leaf",78,81
820,"leas",39,42
821,"leer",63,66
822,"leet",39,42
823,"left",197,200
824,"leno",88,91
825,"lent",88,91
826,"lest",114,117
827,"lids",58,61
828,"lied",63,66
829,"lien",63,66
830,"line",39,42
831,"lire",63,66
832,"lite",39,42
833,"lone",19,22
834,"loti",19,22
835,"lout",248,251
836,"lues",39,42
837,"lust",44,47
838,"lyes",184,187
839,"lyse",184,187
840,"Maia",212,215
841,"Marx",13,16
842,"Musa",55,58
843,"made",31,34
844,"maim",246,249
845,"malt",170,173
846,"mana",99,102
847,"mane",31,34
848,"mans",31,34
849,"maps",138,141
850,"mara",170,173
851,"mare",170,173
852,"mart",13,16
853,"mass",112,115
854,"mast",212,215
855,"maté",99,102
856,"mate",31,34
857,"math",31,34
858,"mats",31,34
859,"maws",138,141
860,"maxi",99,102
861,"mays",126,129
862,"mead",238,241
863,"meal",260,263
864,"mean",221,224
865,"meat",3,6
866,"meed",55,58
867,"meek",260,263
868,"meet",3,6
869,"mega",99,102
870,"melt",102,105
871,"mend",170,173
872,"menu",212,215
873,"mere",55,58
874,"mess",143,146
875,"mete",13,16
876,"meth",112,115
877,"mewl",221,224
878,"mica",260,263
879,"mice",260,263
880,"midi",55,58
881,"mike",260,263
882,"mime",221,224
883,"mina",102,105
884,"mind",260,263
885,"mine",55,58
886,"mini",55,58
887,"mint",260,263
888,"minx",260,263
889,"mite",55,58
890,"mitt",3,6
891,"moan",123,126
892,"moat",123,126
893,"mote",122,125
894,"moue",257,260
895,"mRNA",170,173
896,"mums",3,6
897,"munt",221,224
898,"muon",253,256
899,"mure",260,263
900,"muse",55,58
901,"mute",221,224
902,"mutt",3,6
903,"Naja",106,109
904,"Nato",254,257
905,"Nike",290,293
906,"Nile",35,38
907,"Noah",109,112
908,"naga",249,252
909,"naif",56,59
910,"name",4,7
911,"nape",185,188
912,"naps",185,188
913,"near",290,293
914,"neat",9,12
915,"neem",9,12
916,"neon",20,23
917,"nest",64,67
918,"nets",56,59
919,"nett",4,7
920,"newt",50,53
921,"nick",290,293
922,"nils",59,62
923,"norm",204,207
924,"note",166,169
925,"noun",235,238
926,"nuke",9,12
927,"Oahu",111,114
928,"OKed",168,171
929,"Oman",123,126
930,"oath",30,33
931,"oats",30,33
932,"okra",168,171
933,"okta",124,127
934,"omit",257,260
935,"once",168,171
936,"ores",111,114
937,"otic",258,261
938,"owes",30,33
939,"oxen",258,261
940,"oyez",124,127
941,"Pisa",142,145
942,"paca",241,244
943,"pace",241,244
944,"page",2,5
945,"pain",101,104
946,"pant",241,244
947,"pate",241,244
948,"paua",101,104
949,"père",101,103
950,"peag",131,134
951,"peat",131,134
952,"peel",33,36
953,"peer",33,36
954,"pees",142,145
955,"peon",156,159
956,"pias",33,36
957,"pied",33,36
958,"pies",142,145
959,"pile",33,36
960,"prey",101,104
961,"psst",142,145
962,"psts",33,36
963,"puma",131,134
964,"putt",131,134
965,"Reno",105,108
966,"Ruta",227,230
967,"raga",248,251
968,"rage",248,251
969,"raja",105,108
970,"rale",83,86
971,"rana",153,156
972,"rape",184,187
973,"raps",184,187
974,"rare",83,86
975,"rate",153,156
976,"raws",184,187
977,"ream",49,52
978,"rear",289,292
979,"rede",265,268
980,"reef",63,66
981,"reek",88,91
982,"reel",39,42
983,"refs",39,42
984,"rein",39,42
985,"rend",83,86
986,"rent",83,86
987,"rest",63,66
988,"retd",153,156
989,"rete",83,86
990,"rets",265,268
991,"revs",63,66
992,"rick",289,292
993,"riel",63,66
994,"rife",63,66
995,"rift",197,200
996,"rile",39,42
997,"rime",227,230
998,"rimy",268,271
999,"rink",289,292
1000,"riot",214,217
1001,"rite",88,91
1002,"rôle",265,267
1003,"roan",92,95
1004,"role",108,111
1005,"rort",203,206
1006,"rota",165,168
1007,"rote",165,168
1008,"rout",234,237
1009,"roux",234,237
1010,"rump",268,271
1011,"runt",227,230
1012,"Seth",36,39
1013,"Siam",116,119
1014,"sale",192,195
1015,"salt",148,151
1016,"sari",192,195
1017,"saul",80,83
1018,"sawn",200,203
1019,"scad",149,152
1020,"scan",149,152
1021,"scat",149,152
1022,"seal",147,150
1023,"seam",117,120
1024,"sear",147,150
1025,"seas",65,68
1026,"seat",117,120
1027,"secs",192,195
1028,"seed",65,68
1029,"seek",147,150
1030,"seel",279,282
1031,"seem",117,120
1032,"seen",65,68
1033,"seer",146,149
1034,"send",148,151
1035,"sene",36,39
1036,"sens",36,39
1037,"sent",148,151
1038,"sera",280,283
1039,"sere",65,68
1040,"seta",148,151
1041,"sets",36,39
1042,"sett",118,121
1043,"sial",146,149
1044,"sice",147,150
1045,"sida",65,68
1046,"side",65,68
1047,"sift",145,148
1048,"silk",279,282
1049,"silt",279,282
1050,"sine",65,68
1051,"sire",279,282
1052,"site",65,68
1053,"sits",65,68
1054,"skep",149,152
1055,"skew",149,152
1056,"skim",149,152
1057,"skis",193,196
1058,"skit",149,152
1059,"slag",46,49
1060,"slam",46,49
1061,"slat",46,49
1062,"slid",36,39
1063,"slit",36,39
1064,"slue",36,39
1065,"snap",182,185
1066,"snit",47,50
1067,"snow",90,93
1068,"snug",47,50
1069,"soap",134,137
1070,"sone",216,219
1071,"sops",270,273
1072,"sort",134,137
1073,"sous",51,54
1074,"sows",270,273
1075,"stag",90,93
1076,"star",291,294
1077,"stem",90,93
1078,"stet",90,93
1079,"sued",147,150
1080,"suet",147,150
1081,"suit",280,283
1082,"sumo",117,120
1083,"sura",147,150
1084,"sure",147,150
1085,"swot",118,121
1086,"Taft",173,176
1087,"Thai",64,67
1088,"Thea",115,118
1089,"Tues",56,59
1090,"Tupi",185,188
1091,"taal",14,17
1092,"tabi",141,144
1093,"tabs",141,144
1094,"tael",264,267
1095,"tahr",196,199
1096,"tais",113,116
1097,"take",210,213
1098,"talc",171,174
1099,"talk",171,174
1100,"tame",93,96
1101,"tamp",93,96
1102,"tang",97,100
1103,"tanh",141,144
1104,"tans",32,35
1105,"tapa",296,299
1106,"tape",139,142
1107,"taps",139,142
1108,"tara",16,19
1109,"tare",16,19
1110,"tarn",14,17
1111,"tart",14,17
1112,"task",87,90
1113,"tass",113,116
1114,"tats",32,35
1115,"tatu",100,103
1116,"taus",264,267
1117,"taut",18,21
1118,"taws",139,142
1119,"taxi",100,103
1120,"teak",222,225
1121,"teal",84,87
1122,"team",4,7
1123,"tear",84,87
1124,"teas",56,59
1125,"teat",4,7
1126,"teds",113,116
1127,"teed",56,59
1128,"teem",4,7
1129,"teen",56,59
1130,"tees",64,67
1131,"tegs",32,35
1132,"tegu",130,133
1133,"temp",97,100
1134,"tend",16,19
1135,"tens",113,116
1136,"tent",14,17
1137,"term",106,109
1138,"tern",84,87
1139,"test",35,38
1140,"teth",113,116
1141,"text",18,21
1142,"thaw",198,201
1143,"thee",115,118
1144,"then",64,67
1145,"thew",115,118
1146,"they",198,201
1147,"thin",278,281
1148,"tics",175,178
1149,"tide",56,59
1150,"tidy",103,106
1151,"tier",35,38
1152,"ties",115,118
1153,"tike",84,87
1154,"tiki",84,87
1155,"time",154,157
1156,"tine",56,59
1157,"ting",185,188
1158,"tins",56,59
1159,"tint",84,87
1160,"tiro",89,92
1161,"titi",56,59
1162,"tits",56,59
1163,"toad",29,32
1164,"toea",23,26
1165,"toey",161,164
1166,"toft",258,261
1167,"tome",122,125
1168,"tone",257,260
1169,"tong",123,126
1170,"tope",29,32
1171,"topi",29,32
1172,"tops",29,32
1173,"torn",168,171
1174,"tort",161,164
1175,"tote",123,126
1176,"tour",258,261
1177,"tout",23,26
1178,"tows",29,32
1179,"tRNA",16,19
1180,"trad",152,155
1181,"tram",18,21
1182,"tree",87,90
1183,"tref",178,181
1184,"trek",173,176
1185,"tret",18,21
1186,"trig",226,229
1187,"trim",213,216
1188,"trio",213,216
1189,"trot",164,167
1190,"true",87,90
1191,"tsar",191,194
1192,"tuft",103,106
1193,"tums",4,7
1194,"tuna",154,157
1195,"tune",154,157
1196,"tups",185,188
1197,"turf",84,87
1198,"tutu",154,157
1199,"twat",97,100
1200,"twee",32,35
1201,"twin",100,103
1202,"twit",100,103
1203,"type",96,99
1204,"ugli",52,55
1205,"ulva",194,197
1206,"undo",244,247
1207,"urea",85,88
1208,"uric",286,289
1209,"used",38,41
1210,"user",62,65
1211,"utas",223,226
1212,"vamp",90,93
1213,"vase",193,196
1214,"veal",81,84
1215,"veil",37,40
1216,"vena",149,152
1217,"vent",291,294
1218,"verb",81,84
1219,"vert",81,84
1220,"vest",37,40
1221,"vets",193,196
1222,"vice",81,84
1223,"vier",37,40
1224,"vlei",193,196
1225,"wade",128,131
1226,"wait",245,248
1227,"wane",98,101
1228,"ward",12,15
1229,"warn",12,15
1230,"wart",12,15
1231,"wast",211,214
1232,"wats",128,131
1233,"weak",241,244
1234,"wean",241,244
1235,"weed",101,104
1236,"ween",101,104
1237,"wees",142,145
1238,"weir",33,36
1239,"weka",12,15
1240,"welt",101,104
1241,"went",12,15
1242,"wept",241,244
1243,"were",101,104
1244,"west",33,36
1245,"weta",12,15
1246,"wets",211,214
1247,"whee",142,145
1248,"whin",276,279
1249,"whir",142,145
1250,"whit",276,279
1251,"wife",33,36
1252,"wine",101,104
1253,"wise",142,145
1254,"wont",121,124
1255,"writ",211,214
1256,"yest",32,35
1257,"yeti",210,213
1258,"Zama",132,135
1259,"zeal",190,193
1260,"zees",143,146
1261,"zest",277,280
1262,"ziti",34,37
1263,"à pied",33,36
1264,"Aegir",187,191
1265,"Annam",245,249
1266,"abase",33,37
1267,"abets",33,37
1268,"abler",33,37
1269,"abort",131,135
1270,"ackee",12,16
1271,"acted",12,16
1272,"acute",224,228
1273,"adieu",142,146
1274,"adits",33,37
1275,"aegis",140,144
1276,"afore",105,109
1277,"agate",236,240
1278,"agree",53,57
1279,"alary",287,291
1280,"alien",195,199
1281,"aline",177,181
1282,"alone",17,21
1283,"amass",110,114
1284,"amens",110,114
1285,"ament",136,140
1286,"amide",53,57
1287,"amine",53,57
1288,"amuse",53,57
1289,"anile",33,37
1290,"anise",142,146
1291,"apnea",209,213
1292,"arête",15,18
1293,"aside",63,67
1294,"atman",28,32
1295,"auric",284,288
1296,"Basel",59,63
1297,"Basle",35,39
1298,"Boers",50,54
1299,"bahts",35,39
1300,"bares",191,195
1301,"based",35,39
1302,"baser",59,63
1303,"basin",59,63
1304,"beast",64,68
1305,"bedel",35,39
1306,"bed in",35,39
1307,"beets",64,68
1308,"bends",191,195
1309,"benne",191,195
1310,"benni",191,195
1311,"bents",191,195
1312,"betas",191,195
1313,"betes",35,39
1314,"bidet",64,68
1315,"bilks",278,282
1316,"blame",45,49
1317,"bleed",35,39
1318,"blini",35,39
1319,"blues",35,39
1320,"boats",269,273
1321,"bouse",50,54
1322,"bowse",269,273
1323,"bream",45,49
1324,"brent",79,83
1325,"breve",59,63
1326,"brier",59,63
1327,"brume",45,49
1328,"carve",173,177
1329,"cents",173,177
1330,"clamp",264,268
1331,"coked",164,168
1332,"conte",164,168
1333,"cream",264,268
1334,"crump",264,268
1335,"ctene",14,18
1336,"Dacca",9,13
1337,"Dakar",9,13
1338,"Dante",9,13
1339,"damps",269,273
1340,"deals",191,195
1341,"dears",191,195
1342,"deeds",59,63
1343,"delfs",35,39
1344,"delta",79,83
1345,"delve",59,63
1346,"dices",191,195
1347,"didst",59,63
1348,"diene",64,68
1349,"diets",64,68
1350,"dikes",191,195
1351,"dinar",79,83
1352,"dines",59,63
1353,"dints",191,195
1354,"ditas",191,195
1355,"dived",144,148
1356,"dongs",26,30
1357,"duets",191,195
1358,"dulia",191,195
1359,"dykes",106,110
1360,"eagle",52,56
1361,"eagre",52,56
1362,"eared",262,266
1363,"eased",38,42
1364,"easel",62,66
1365,"eaten",11,15
1366,"edema",227,231
1367,"edits",39,43
1368,"eerie",37,41
1369,"egged",98,102
1370,"egret",101,105
1371,"eider",37,41
1372,"elide",38,42
1373,"elite",38,42
1374,"emcee",110,114
1375,"emmet",28,32
1376,"emote",121,125
1377,"en ami",248,252
1378,"enate",153,157
1379,"endue",177,181
1380,"enrol",105,109
1381,"enter",172,176
1382,"ernes",194,198
1383,"error",104,108
1384,"ester",80,84
1385,"evens",192,196
1386,"evert",80,84
1387,"farer",82,86
1388,"feels",57,61
1389,"feted",82,86
1390,"filer",38,42
1391,"filet",43,47
1392,"fires",57,61
1393,"first",38,42
1394,"fores",107,111
1395,"frore",104,108
1396,"gated",221,225
1397,"geese",143,147
1398,"gemma",25,29
1399,"genet",102,106
1400,"genie",55,59
1401,"get in",102,106
1402,"get on",253,257
1403,"girds",190,194
1404,"girth",190,194
1405,"girts",190,194
1406,"giver",277,281
1407,"gleet",55,59
1408,"glide",55,59
1409,"glues",55,59
1410,"hafts",280,284
1411,"hammy",117,121
1412,"haoma",117,121
1413,"harem",147,151
1414,"henna",147,151
1415,"hexed",280,284
1416,"India",194,198
1417,"icier",194,198
1418,"icily",176,180
1419,"ideas",38,42
1420,"ileus",61,65
1421,"imaum",244,248
1422,"indie",194,198
1423,"indue",176,180
1424,"in eye",183,187
1425,"inner",85,89
1426,"inset",62,66
1427,"inter",262,266
1428,"intis",194,198
1429,"items",186,190
1430,"jades",272,276
1431,"japes",136,140
1432,"jawed",205,209
1433,"jibed",53,57
1434,"Kríti",14,17
1435,"kants",208,212
1436,"karat",14,18
1437,"kauri",171,175
1438,"kendo",14,18
1439,"keyer",294,298
1440,"key in",294,298
1441,"kiaat",87,91
1442,"kikes",173,177
1443,"kited",173,177
1444,"kneel",32,36
1445,"knees",141,145
1446,"króna",14,17
1447,"Leeds",58,62
1448,"Lemna",49,53
1449,"Leyte",88,92
1450,"lamer",49,53
1451,"lamps",268,272
1452,"lease",39,43
1453,"least",44,48
1454,"leone",214,218
1455,"libel",58,62
1456,"linen",78,82
1457,"lines",58,62
1458,"liter",78,82
1459,"lithe",58,62
1460,"lit up",179,183
1461,"Malta",170,174
1462,"Manis",274,278
1463,"Mapes",138,142
1464,"Munda",221,225
1465,"madam",129,133
1466,"maned",99,103
1467,"manes",274,278
1468,"mange",96,100
1469,"mania",31,35
1470,"manly",99,103
1471,"manse",274,278
1472,"mason",212,216
1473,"mater",99,103
1474,"mates",31,35
1475,"mayst",126,130
1476,"meant",221,225
1477,"meets",55,59
1478,"mesne",34,38
1479,"metal",13,17
1480,"metis",112,116
1481,"metre",170,174
1482,"mewed",221,225
1483,"micas",260,264
1484,"mimed",221,225
1485,"minae",102,106
1486,"miser",143,147
1487,"miter",102,106
1488,"mites",55,59
1489,"mitre",260,264
1490,"mould",257,261
1491,"moult",257,261
1492,"msasa",34,38
1493,"murre",260,264
1494,"mused",55,59
1495,"muted",221,225
1496,"mutts",3,7
1497,"Norse",109,113
1498,"Nyssa",139,143
1499,"nanna",243,247
1500,"natty",26,30
1501,"nests",64,68
1502,"netes",56,60
1503,"niece",191,195
1504,"ninny",290,294
1505,"nonce",166,170
1506,"numen",133,137
1507,"on end",258,262
1508,"opsin",273,277
1509,"otter",257,261
1510,"outed",220,224
1511,"paint",101,105
1512,"panne",241,245
1513,"pated",241,245
1514,"paten",241,245
1515,"peers",33,37
1516,"peeve",276,280
1517,"peony",156,160
1518,"peter",101,105
1519,"petit",101,105
1520,"piece",189,193
1521,"pietà",33,36
1522,"pilea",33,37
1523,"pilus",33,37
1524,"piste",276,280
1525,"prawn",101,105
1526,"radon",153,157
1527,"rajah",105,109
1528,"rajas",105,109
1529,"ramee",248,252
1530,"rarer",83,87
1531,"ratio",153,157
1532,"react",227,231
1533,"recur",284,288
1534,"reels",58,62
1535,"refit",44,48
1536,"reins",39,43
1537,"remit",153,157
1538,"renew",265,269
1539,"rente",83,87
1540,"rents",83,87
1541,"reset",114,118
1542,"rests",63,67
1543,"retie",265,269
1544,"reuse",39,43
1545,"revet",197,201
1546,"roles",108,112
1547,"route",234,238
1548,"rowan",92,96
1549,"rumps",268,272
1550,"Samoa",118,122
1551,"Saran",148,152
1552,"Seder",36,40
1553,"Sofia",51,55
1554,"Sousa",51,55
1555,"saint",80,84
1556,"salmi",148,152
1557,"salve",192,196
1558,"saree",192,196
1559,"sasin",60,64
1560,"sat on",118,122
1561,"seine",279,283
1562,"sends",192,196
1563,"senna",148,152
1564,"sense",60,64
1565,"sente",148,152
1566,"serum",65,69
1567,"setae",148,152
1568,"seven",145,149
1569,"sexed",80,84
1570,"silks",279,283
1571,"sinew",65,69
1572,"siren",279,283
1573,"sited",147,151
1574,"skean",149,153
1575,"skeet",149,153
1576,"skive",193,197
1577,"sleet",36,40
1578,"slide",36,40
1579,"slits",36,40
1580,"slues",36,40
1581,"smart",10,14
1582,"smoky",119,123
1583,"smote",119,123
1584,"snaps",182,186
1585,"snare",81,85
1586,"snarf",81,85
1587,"sneer",37,41
1588,"snoek",201,205
1589,"snort",201,205
1590,"soaps",134,138
1591,"souse",51,55
1592,"stagy",201,205
1593,"stamp",90,94
1594,"start",291,295
1595,"steal",81,85
1596,"stern",81,85
1597,"sting",182,186
1598,"stint",81,85
1599,"stoep",216,220
1600,"stoma",119,123
1601,"stomp",119,123
1602,"stout",216,220
1603,"stupe",182,186
1604,"suint",280,284
1605,"suite",280,284
1606,"Tebet",178,182
1607,"Tevet",191,195
1608,"Tibet",56,60
1609,"Turin",84,88
1610,"tabes",141,145
1611,"table",32,36
1612,"tabor",130,134
1613,"tacit",210,214
1614,"taiga",152,156
1615,"taint",173,177
1616,"talcs",171,175
1617,"talks",171,175
1618,"talon",16,20
1619,"tamed",109,113
1620,"tanga",97,101
1621,"tapes",139,143
1622,"tapis",139,143
1623,"targe",294,298
1624,"taste",87,91
1625,"tater",100,104
1626,"tates",32,36
1627,"tawse",139,143
1628,"teaks",222,226
1629,"teams",4,8
1630,"tears",175,179
1631,"tease",56,60
1632,"teens",56,60
1633,"teeth",56,60
1634,"tempi",127,131
1635,"tenet",18,22
1636,"tenia",178,182
1637,"tenon",164,168
1638,"tense",113,117
1639,"terms",185,189
1640,"terne",84,88
1641,"terns",175,179
1642,"tesla",64,68
1643,"testa",191,195
1644,"tests",35,39
1645,"tetra",16,20
1646,"texas",173,177
1647,"theft",144,148
1648,"there",278,282
1649,"theta",198,202
1650,"thine",278,282
1651,"third",144,148
1652,"three",64,68
1653,"threw",64,68
1654,"throe",198,202
1655,"thrum",64,68
1656,"tiers",35,39
1657,"tikes",175,179
1658,"timed",222,226
1659,"tinea",266,270
1660,"tinge",185,189
1661,"tings",185,189
1662,"tints",84,88
1663,"titan",185,189
1664,"titer",103,107
1665,"title",84,88
1666,"titre",84,88
1667,"tonal",257,261
1668,"topee",29,33
1669,"torte",168,172
1670,"totem",123,127
1671,"toter",257,261
1672,"treat",213,217
1673,"treen",87,91
1674,"trees",113,117
1675,"treks",173,177
1676,"trend",173,177
1677,"trick",288,292
1678,"tried",178,182
1679,"trier",196,200
1680,"trike",288,292
1681,"trite",87,91
1682,"trout",233,237
1683,"trunk",226,230
1684,"tsars",191,195
1685,"tutee",154,158
1686,"tutti",4,8
1687,"tutty",26,30
1688,"tweed",100,104
1689,"tweet",100,104
1690,"twine",100,104
1691,"twite",100,104
1692,"typed",96,100
1693,"umiak",5,9
1694,"untie",223,227
1695,"unwed",240,244
1696,"utter",52,56
1697,"verge",182,186
1698,"vests",37,41
1699,"Wotan",121,125
1700,"waddy",98,102
1701,"waned",98,102
1702,"wanly",98,102
1703,"water",98,102
1704,"weedy",101,105
1705,"weird",189,193
1706,"weirs",33,37
1707,"wests",33,37
1708,"whelk",276,280
1709,"where",276,280
1710,"whine",276,280
1711,"white",276,280
1712,"winey",101,105
1713,"wiser",142,146
1714,"would",256,260
1715,"wreak",224,228
1716,"zeals",190,194
1717,"Aeneid",177,182
1718,"abased",33,38
1719,"absent",142,147
1720,"amused",53,58
1721,"aniler",33,38
1722,"aortic",167,172
1723,"apiece",187,192
1724,"attune",236,241
1725,"autumn",153,158
1726,"Betula",79,84
1727,"baited",79,84
1728,"barest",191,196
1729,"bennes",191,196
1730,"bested",144,149
1731,"bluest",35,40
1732,"boatie",269,274
1733,"boused",50,55
1734,"came at",247,252
1735,"career",173,178
1736,"carver",173,178
1737,"cation",152,157
1738,"clamps",264,269
1739,"conker",164,169
1740,"crumps",264,269
1741,"dacoit",228,233
1742,"dearie",191,196
1743,"defeat",64,69
1744,"deform",198,203
1745,"deltas",79,84
1746,"dement",9,14
1747,"desalt",144,149
1748,"detect",290,295
1749,"detent",290,295
1750,"device",278,283
1751,"dicier",191,196
1752,"doctor",158,163
1753,"edible",39,44
1754,"eerier",61,66
1755,"eiders",37,42
1756,"elites",38,43
1757,"emcees",110,115
1758,"en fête",289,293
1759,"enrols",105,110
1760,"entice",172,177
1761,"errors",104,109
1762,"etalon",15,20
1763,"ethene",63,68
1764,"examen",105,110
1765,"façade",183,187
1766,"feeler",38,43
1767,"feyest",183,188
1768,"firsts",38,43
1769,"foeman",91,96
1770,"folium",107,112
1771,"formed",202,207
1772,"gammer",253,258
1773,"gannet",242,247
1774,"gemmae",157,162
1775,"gleets",55,60
1776,"ibidem",62,67
1777,"indeed",176,181
1778,"indent",85,90
1779,"indite",176,181
1780,"innate",150,155
1781,"insets",62,67
1782,"intent",292,297
1783,"in tune",150,155
1784,"invert",77,82
1785,"invest",38,43
1786,"invite",77,82
1787,"jangly",94,99
1788,"kettle",208,213
1789,"kinder",173,178
1790,"kit out",18,23
1791,"La Tène",49,53
1792,"latent",227,232
1793,"latter",49,54
1794,"leased",39,44
1795,"lenten",289,294
1796,"lotion",19,24
1797,"Masqat",225,230
1798,"madame",129,134
1799,"malted",170,175
1800,"manège",96,100
1801,"manias",31,36
1802,"medium",112,117
1803,"meeker",260,265
1804,"meeter",102,107
1805,"menage",246,251
1806,"mentor",163,168
1807,"mesial",143,148
1808,"metage",232,237
1809,"minter",260,265
1810,"misère",277,281
1811,"mitten",221,226
1812,"moults",257,262
1813,"mummer",253,258
1814,"nation",154,159
1815,"neaten",9,14
1816,"negate",239,244
1817,"netted",222,227
1818,"nettle",222,227
1819,"nieces",191,196
1820,"noctua",166,171
1821,"omertà",257,261
1822,"orgies",137,142
1823,"outlet",220,225
1824,"outrun",220,225
1825,"peeler",33,38
1826,"petite",101,106
1827,"petted",241,246
1828,"pieces",189,194
1829,"pietas",189,194
1830,"pitmen",131,136
1831,"ration",153,158
1832,"rawest",184,189
1833,"reamer",49,54
1834,"recite",83,88
1835,"refuge",44,49
1836,"render",174,179
1837,"rennin",83,88
1838,"rentes",174,179
1839,"retama",105,110
1840,"reused",39,44
1841,"Samoan",118,123
1842,"saints",80,85
1843,"sarsen",192,197
1844,"sasine",60,65
1845,"senile",36,41
1846,"sennet",148,153
1847,"sensed",60,65
1848,"sestet",145,150
1849,"sienna",146,151
1850,"silted",279,284
1851,"sleets",36,41
1852,"slider",36,41
1853,"slyest",181,186
1854,"sneers",37,42
1855,"sonant",216,221
1856,"sonata",216,221
1857,"soused",51,56
1858,"stamen",201,206
1859,"steeve",61,66
1860,"stings",182,187
1861,"stints",81,86
1862,"suited",280,285
1863,"Termes",185,190
1864,"Ticino",84,89
1865,"taints",173,178
1866,"talkie",171,176
1867,"tandem",210,215
1868,"tangly",97,102
1869,"target",294,299
1870,"tatted",109,114
1871,"tattle",109,114
1872,"tawses",139,144
1873,"teased",56,61
1874,"tedium",113,118
1875,"teemed",222,227
1876,"teeter",103,108
1877,"tendon",16,21
1878,"tenets",264,269
1879,"teniae",178,183
1880,"tenter",171,176
1881,"terete",103,108
1882,"terror",103,108
1883,"testas",191,196
1884,"tested",191,196
1885,"testee",35,40
1886,"tester",79,84
1887,"testes",35,40
1888,"testis",59,64
1889,"tetter",100,105
1890,"threat",64,69
1891,"tinder",175,180
1892,"tineid",56,61
1893,"tinned",261,266
1894,"tinner",84,89
1895,"titans",185,190
1896,"tittle",222,227
1897,"toured",258,263
1898,"touted",219,224
1899,"tsetse",35,40
1900,"tureen",84,89
1901,"tweedy",100,105
1902,"utters",52,57
1903,"weirds",189,194
1904,"wetter",98,103
1905,"whelks",276,281
1906,"whiter",276,281
1907,"Atlanta",224,230
1908,"andante",224,230
1909,"aniline",33,39
1910,"antenna",12,18
1911,"astound",214,220
1912,"Beth Din",35,41
1913,"beef tea",144,150
1914,"benefit",40,46
1915,"bleeder",35,41
1916,"brawest",180,186
1917,"carving",173,179
1918,"contain",164,170
1919,"curtana",288,294
1920,"dearest",191,197
1921,"delible",35,41
1922,"Eugenia",51,57
1923,"editing",179,185
1924,"elitist",57,63
1925,"eminent",101,107
1926,"emitted",241,247
1927,"enation",153,159
1928,"enduing",177,183
1929,"ensnare",78,84
1930,"entitle",172,178
1931,"esthete",60,66
1932,"evenest",192,198
1933,"examens",105,111
1934,"Gehenna",143,149
1935,"gate net",242,248
1936,"gazette",3,9
1937,"induing",176,182
1938,"interim",262,268
1939,"inverts",77,83
1940,"invests",38,44
1941,"invited",77,83
1942,"jetties",272,278
1943,"kneeler",32,38
1944,"lineage",44,50
1945,"madeira",274,280
1946,"mess kit",143,149
1947,"minster",75,81
1948,"negated",239,245
1949,"nictate",290,296
1950,"noctuas",166,172
1951,"pageant",2,8
1952,"peelers",33,39
1953,"reamers",49,55
1954,"rentier",174,180
1955,"retamas",105,111
1956,"retried",174,180
1957,"salient",192,198
1958,"serious",65,71
1959,"sonants",216,222
1960,"sonatas",216,222
1961,"stearic",282,288
1962,"stearin",81,87
1963,"sterner",81,87
1964,"stomata",119,125
1965,"stratum",149,155
1966,"Titania",185,191
1967,"tattles",109,115
1968,"teentsy",84,90
1969,"tektite",296,302
1970,"terrors",103,109
1971,"testees",59,65
1972,"testier",35,41
1973,"testing",180,186
1974,"tie line",35,41
1975,"titlark",285,291
1976,"torture",168,174
1977,"trinket",288,294
1978,"trisomy",113,119
1979,"tunnage",243,249
1980,"tweeter",100,106
1981,"unction",11,17
1982,"weirdie",189,195
1983,"written",224,230
1984,"absentee",142,149
1985,"aesthete",58,65
1986,"amitotic",251,258
1987,"carvings",173,180
1988,"deformed",198,205
1989,"demented",9,16
1990,"elitists",57,64
1991,"filagree",43,50
1992,"fire tree",77,84
1993,"inditing",176,183
1994,"kneelers",32,39
1995,"soapiest",134,141
1996,"tegument",130,137
1997,"tertiary",285,292
1998,"testings",180,187
1999,"venation",149,156
2000,"delirious",59,67
2001,"revetment",197,205
2002,"terrorism",103,111
2003,"terrorist",103,111
2004,"testified",35,43
2005,"white area",276,284
2006,"contrarily",164,173
