## xl/sharedStrings.xml
 
 Y A H R E C D M I P F N L S T V O W ? B K U X G Q J Z 
## xl/worksheets/sheet1.xml
 
 0 1 2 3 3 2 1 0 
 
 4 5 6 7 3 8 9 10 4 8 7 4 2 11 12 13 13 14 14 3 14 15 6 16 2 17 18 16 19 20 3 
 21 16 22 16 23 2 21 12 19 13 16 12 8 10 19 19 17 10 12 3 15 24 24 9 3 11 23 20 13 13 16 
 14 17 14 24 13 25 24 13 13 4 20 26 26 17 1 14 25 20 12 21 6 8 1 17 8 11 10 19 11 0 9 
 15 14 14 7 26 10 9 20 17 23 6 20 26 22 14 25 5 6 8 23 20 21 2 21 1 21 4 20 5 1 3 
 
 
 1 2 3 4 5 6 7 8 9 10 1 2 3 4 5 6 7 8 9 10 1 2 3 4 5 6 7 8 9 10 1 
 
 7 3 9 16 17 18 
 4 5 6 16 23 8 21 10 4 8 7 4 2 11 12 13 13 14 14 3 14 15 6 9 2 11 23 16 19 20 3 
 21 16 22 24 13 2 24 12 19 13 16 12 8 10 19 19 17 10 12 3 15 24 24 17 3 11 10 20 13 13 16 
 14 17 14 7 26 25 9 13 13 4 20 26 26 17 1 14 25 20 12 21 6 8 1 21 8 21 4 19 11 0 9 
 15 14 14 10 20 17 23 6 20 26 22 14 25 5 6 8 23 20 21 2 1 20 5 1 3 
 