1,"a",1,1
2,"I",3,3
3,"am",30,31
4,"an",4,5
5,"as",11,12
6,"at",4,5
7,"be",21,22
8,"by",74,75
9,"Dr",12,13
10,"do",42,43
11,"eg",4,5
12,"go",28,29
13,"he",22,23
14,"hi",22,23
15,"if",104,105
16,"in",14,15
17,"is",22,23
18,"it",3,4
19,"Mr",5,6
20,"Ms",32,33
21,"me",5,6
22,"mu",48,49
23,"no",29,30
24,"OK",135,136
25,"of",52,53
26,"oh",182,183
27,"on",46,47
28,"or",67,68
29,"ox",46,47
30,"pa",58,59
31,"pi",72,73
32,"re",1,2
33,"so",294,295
34,"to",45,46
35,"up",55,56
36,"us",19,20
37,"we",4,5
38,"wo",44,45
39,"à la",11,12
40,"aby",72,74
41,"ace",114,116
42,"act",4,6
43,"ado",62,64
44,"aft",36,38
45,"aga",51,53
46,"age",30,32
47,"aha",101,103
48,"aid",17,19
49,"aim",1,3
50,"ain",17,19
51,"air",11,13
52,"ais",20,22
53,"ait",1,3
54,"alb",15,17
55,"ale",9,11
56,"als",151,153
57,"alt",15,17
58,"amu",51,53
59,"ana",58,60
60,"and",114,116
61,"ant",4,6
62,"any",92,94
63,"ape",56,58
64,"apt",90,92
65,"arb",7,9
66,"are",9,11
67,"ark",285,287
68,"arm",130,132
69,"art",7,9
70,"ash",153,155
71,"ask",11,13
72,"asp",109,111
73,"ass",20,22
74,"ate",4,6
75,"auk",1,3
76,"ave",11,13
77,"awe",56,58
78,"awn",95,97
79,"axe",147,149
80,"aye",172,174
81,"baa",121,123
82,"bah",256,258
83,"ban",110,112
84,"bar",121,123
85,"bat",110,112
86,"bay",266,268
87,"bed",222,224
88,"bee",21,23
89,"beg",110,112
90,"bel",236,238
91,"ben",121,123
92,"bet",110,112
93,"bib",236,238
94,"bid",236,238
95,"bin",102,104
96,"bit",102,104
97,"bra",222,224
98,"bur",102,104
99,"bus",236,238
100,"bye",74,76
101,"cam",40,42
102,"car",126,128
103,"cat",40,42
104,"cod",138,140
105,"col",94,96
106,"con",131,133
107,"cor",94,96
108,"cos",163,165
109,"cot",131,133
110,"cox",138,140
111,"cry",126,128
112,"cue",10,12
113,"cur",10,12
114,"cwm",40,42
115,"dag",293,295
116,"dah",232,234
117,"dak",169,171
118,"dal",12,14
119,"dam",293,295
120,"dan",169,171
121,"dap",74,76
122,"das",232,234
123,"daw",74,76
124,"day",169,171
125,"deb",232,234
126,"dee",21,23
127,"def",102,104
128,"den",12,14
129,"dew",110,112
130,"dib",256,258
131,"did",222,224
132,"die",21,23
133,"dig",110,112
134,"dim",110,112
135,"din",121,123
136,"dit",110,112
137,"doe",49,51
138,"dog",42,44
139,"don",81,83
140,"dor",64,66
141,"dos",227,229
142,"dot",42,44
143,"due",121,123
144,"dun",110,112
145,"dye",54,56
146,"ear",14,16
147,"eas",19,21
148,"eat",3,5
149,"eel",34,36
150,"eft",13,15
151,"egg",172,174
152,"ego",27,29
153,"elf",119,121
154,"elk",35,37
155,"elm",198,200
156,"els",19,21
157,"ems",72,74
158,"emu",58,60
159,"end",9,11
160,"eon",83,85
161,"era",35,37
162,"ere",19,21
163,"erk",129,131
164,"ern",14,16
165,"err",35,37
166,"ers",19,21
167,"est",24,26
168,"eth",20,22
169,"eve",104,106
170,"ewe",3,5
171,"ext",1,3
172,"eye",56,58
173,"fag",225,227
174,"fan",198,200
175,"far",35,37
176,"fat",198,200
177,"fay",198,200
178,"fee",19,21
179,"fen",35,37
180,"feu",119,121
181,"fir",119,121
182,"foe",189,191
183,"gad",59,61
184,"gag",48,50
185,"gal",148,150
186,"gan",59,61
187,"gap",53,55
188,"gat",48,50
189,"gee",32,34
190,"gel",32,34
191,"gem",48,50
192,"gen",53,55
193,"get",48,50
194,"gib",231,233
195,"gie",183,185
196,"gig",168,170
197,"gin",32,34
198,"gis",183,185
199,"git",32,34
200,"gnu",210,212
201,"goa",206,208
202,"god",271,273
203,"goo",176,178
204,"got",176,178
205,"gum",292,294
206,"gun",168,170
207,"gut",168,170
208,"guy",168,170
209,"gym",137,139
210,"has",237,239
211,"hat",23,25
212,"haw",186,188
213,"hay",23,25
214,"hem",23,25
215,"hen",103,105
216,"hep",22,24
217,"her",185,187
218,"het",23,25
219,"hew",22,24
220,"hie",155,157
221,"him",22,24
222,"hin",185,187
223,"hip",155,157
224,"hit",22,24
225,"hue",185,187
226,"hut",22,24
227,"ice",14,16
228,"icy",284,286
229,"ilk",34,36
230,"imp",171,173
231,"ink",129,131
232,"inn",14,16
233,"ins",19,21
234,"ion",82,84
235,"ire",34,36
236,"ivy",23,25
237,"Jew",296,298
238,"jap",66,68
239,"jaw",66,68
240,"jet",66,68
241,"jig",296,298
242,"jut",296,298
243,"kai",8,10
244,"keg",69,71
245,"ken",6,8
246,"key",286,288
247,"kid",16,18
248,"kin",16,18
249,"kit",16,18
250,"lea",109,111
251,"lee",20,22
252,"lei",20,22
253,"les",20,22
254,"let",11,13
255,"lev",20,22
256,"lid",221,223
257,"lie",20,22
258,"lis",153,155
259,"lit",109,111
260,"log",41,43
261,"lot",41,43
262,"lur",120,122
263,"Mao",176,178
264,"Mrs",99,101
265,"mag",28,30
266,"mam",28,30
267,"man",173,175
268,"map",68,70
269,"mar",5,7
270,"mas",99,101
271,"mat",28,30
272,"maw",68,70
273,"may",173,175
274,"men",5,7
275,"met",5,7
276,"mew",48,50
277,"mil",32,34
278,"min",53,55
279,"mis",183,185
280,"mob",179,181
281,"mod",179,181
282,"mon",179,181
283,"mot",179,181
284,"mud",59,61
285,"mug",48,50
286,"mum",48,50
287,"nag",49,51
288,"nap",54,56
289,"nas",18,20
290,"nay",200,202
291,"née",232,234
292,"neb",18,20
293,"net",2,4
294,"new",169,171
295,"nib",232,234
296,"nil",222,224
297,"nip",110,112
298,"nit",12,14
299,"nix",33,35
300,"nod",140,142
301,"non",133,135
302,"not",133,135
303,"nun",169,171
304,"nut",169,171
305,"oaf",193,195
306,"ode",84,86
307,"ods",181,183
308,"oft",52,54
309,"oik",52,54
310,"oil",31,33
311,"old",193,195
312,"one",46,48
313,"ore",98,100
314,"our",281,283
315,"out",47,49
316,"ova",85,87
317,"pad",58,60
318,"pal",147,149
319,"pan",58,60
320,"par",147,149
321,"pat",58,60
322,"pax",58,60
323,"pea",72,74
324,"pee",72,74
325,"peg",58,60
326,"pen",147,149
327,"per",72,74
328,"pet",58,60
329,"pew",291,293
330,"pit",72,74
331,"poa",205,207
332,"pod",270,272
333,"pom",175,177
334,"pos",27,29
335,"pot",175,177
336,"pox",270,272
337,"pug",291,293
338,"pup",72,74
339,"put",291,293
340,"rag",226,228
341,"ram",41,43
342,"ran",1,3
343,"ras",17,19
344,"rat",1,3
345,"ray",199,201
346,"rec",36,38
347,"red",17,19
348,"ref",120,122
349,"rem",1,3
350,"res",20,22
351,"ret",1,3
352,"rev",101,103
353,"ria",109,111
354,"rip",109,111
355,"roc",132,134
356,"rod",139,141
357,"roe",95,97
358,"rot",132,134
359,"rue",11,13
360,"rye",287,289
361,"sac",111,113
362,"san",24,26
363,"sat",24,26
364,"saw",187,189
365,"say",24,26
366,"sea",23,25
367,"sec",104,106
368,"see",22,24
369,"sen",104,106
370,"set",24,26
371,"sew",23,25
372,"sex",223,225
373,"sib",237,239
374,"sic",103,105
375,"sin",103,105
376,"sip",22,24
377,"sir",185,187
378,"sit",23,25
379,"ski",13,15
380,"sou",294,296
381,"spy",158,160
382,"sty",25,27
383,"sue",103,105
384,"sun",23,25
385,"sus",237,239
386,"tab",71,73
387,"tad",57,59
388,"tag",29,31
389,"tai",10,12
390,"taj",94,96
391,"tam",29,31
392,"tan",57,59
393,"tao",133,135
394,"tap",69,71
395,"tar",6,8
396,"tas",10,12
397,"tat",29,31
398,"taw",69,71
399,"tax",57,59
400,"tay",174,176
401,"tea",2,4
402,"ted",10,12
403,"tee",2,4
404,"teg",57,59
405,"ten",6,8
406,"tes",21,23
407,"the",21,23
408,"tic",37,39
409,"tie",12,14
410,"tin",18,20
411,"tip",169,171
412,"tis",21,23
413,"tit",2,4
414,"toe",46,48
415,"tog",179,181
416,"tom",179,181
417,"ton",45,47
418,"tor",135,137
419,"tot",45,47
420,"try",286,288
421,"tug",49,51
422,"tui",18,20
423,"tum",42,44
424,"tun",2,4
425,"tup",54,56
426,"tux",60,62
427,"two",177,179
428,"uke",3,5
429,"ult",14,16
430,"urn",284,286
431,"use",19,21
432,"ute",3,5
433,"utu",61,63
434,"vac",88,90
435,"van",75,77
436,"vat",75,77
437,"veg",75,77
438,"vet",13,15
439,"vex",13,15
440,"vie",233,235
441,"vim",224,226
442,"vis",233,235
443,"wag",27,29
444,"wan",172,174
445,"war",4,6
446,"way",172,174
447,"wee",58,60
448,"wen",4,6
449,"wet",4,6
450,"wig",58,60
451,"win",147,149
452,"wit",58,60
453,"woe",44,46
454,"won",178,180
455,"yam",174,176
456,"yaw",91,93
457,"yea",57,59
458,"yen",91,93
459,"yep",57,59
460,"yet",91,93
461,"yew",57,59
462,"yob",177,179
463,"yod",177,179
464,"yon",177,179
465,"zag",292,294
466,"zap",73,75
467,"zed",32,34
468,"zee",183,185
469,"zen",32,34
470,"à bas",256,258
471,"Adam",291,294
472,"Aden",72,75
473,"Agni",97,100
474,"Amex",192,195
475,"Aras",15,18
476,"Asia",20,23
477,"abye",72,75
478,"aced",114,117
479,"acre",114,117
480,"aeon",132,135
481,"aery",127,130
482,"agin",30,33
483,"ague",30,33
484,"aide",17,20
485,"aids",17,20
486,"airt",11,14
487,"akee",114,117
488,"akin",114,117
489,"alae",9,12
490,"alar",9,12
491,"albs",15,18
492,"alec",9,12
493,"alee",107,110
494,"ales",151,154
495,"alto",39,42
496,"alts",15,18
497,"amah",97,100
498,"amen",66,69
499,"amir",30,33
500,"anal",147,150
501,"anew",291,294
502,"an mo",175,178
503,"anna",114,117
504,"anoa",205,208
505,"anon",270,273
506,"ante",4,7
507,"anti",114,117
508,"a one",44,47
509,"area",9,12
510,"ares",151,154
511,"aria",107,110
512,"arms",287,290
513,"arse",151,154
514,"arts",7,10
515,"at it",58,61
516,"attn",83,86
517,"aunt",1,4
518,"aura",36,39
519,"auto",41,44
520,"axed",147,150
521,"axle",147,150
522,"Baku",110,113
523,"Bern",102,105
524,"Biro",184,187
525,"Brie",256,259
526,"baht",256,259
527,"bait",222,225
528,"bake",110,113
529,"balk",121,124
530,"band",110,113
531,"bare",121,124
532,"base",256,259
533,"bate",110,113
534,"bear",102,105
535,"been",102,105
536,"beep",21,24
537,"beer",184,187
538,"beet",102,105
539,"bema",110,113
540,"bend",121,124
541,"bens",256,259
542,"bent",121,124
543,"best",154,157
544,"beta",121,124
545,"beth",256,259
546,"bets",256,259
547,"bice",102,105
548,"bide",236,239
549,"bike",102,105
550,"bind",102,105
551,"bine",236,239
552,"bins",236,239
553,"bint",102,105
554,"bite",102,105
555,"bits",236,239
556,"blew",261,264
557,"blue",256,259
558,"bout",293,296
559,"brag",222,225
560,"brat",222,225
561,"burs",102,105
562,"cart",126,129
563,"case",16,19
564,"cede",16,19
565,"cedi",16,19
566,"cent",126,129
567,"cert",10,13
568,"chew",152,155
569,"chit",152,155
570,"cite",10,13
571,"clit",116,119
572,"clue",116,119
573,"coco",131,134
574,"coke",131,134
575,"cole",94,97
576,"cols",94,97
577,"cone",138,141
578,"conk",131,134
579,"conn",131,134
580,"cony",131,134
581,"core",94,97
582,"cost",163,166
583,"cote",131,134
584,"cran",195,198
585,"cray",195,198
586,"cree",16,19
587,"cued",10,13
588,"cult",10,13
589,"cure",10,13
590,"curl",10,13
591,"cyst",286,289
592,"daft",33,36
593,"dahl",232,235
594,"dais",232,235
595,"dame",293,296
596,"dare",12,15
597,"data",169,172
598,"date",169,172
599,"deal",121,124
600,"dean",110,113
601,"dear",121,124
602,"deed",222,225
603,"deem",110,113
604,"deer",102,105
605,"deft",102,105
606,"dele",256,259
607,"delf",256,259
608,"deli",256,259
609,"deme",169,172
610,"dene",33,36
611,"dens",232,235
612,"dent",12,15
613,"de re",222,225
614,"derv",256,259
615,"desk",184,187
616,"dhak",154,157
617,"dial",102,105
618,"dice",121,124
619,"dido",222,225
620,"died",236,239
621,"diet",102,105
622,"dike",121,124
623,"dime",110,113
624,"dine",222,225
625,"dins",256,259
626,"dint",121,124
627,"dire",236,239
628,"dirt",102,105
629,"dita",121,124
630,"dits",256,259
631,"do by",81,84
632,"doek",64,67
633,"doer",49,52
634,"doge",42,45
635,"do in",49,52
636,"doit",49,52
637,"dome",42,45
638,"done",81,84
639,"dorm",64,67
640,"dost",227,230
641,"dote",81,84
642,"dots",81,84
643,"do up",49,52
644,"dove",227,230
645,"dree",232,235
646,"duce",110,113
647,"dues",256,259
648,"duet",121,124
649,"duke",110,113
650,"dura",121,124
651,"Eden",11,14
652,"Eire",223,226
653,"Eris",19,22
654,"Erse",19,22
655,"earl",14,17
656,"earn",284,287
657,"ears",106,109
658,"ease",19,22
659,"edit",109,112
660,"eels",233,236
661,"efts",105,108
662,"egad",58,61
663,"egos",27,30
664,"else",19,22
665,"elul",119,122
666,"emir",72,75
667,"emit",58,61
668,"ends",151,154
669,"envy",265,268
670,"epos",26,29
671,"erne",14,17
672,"erns",106,109
673,"erst",119,122
674,"espy",157,160
675,"et al",7,10
676,"etas",9,12
677,"etna",58,61
678,"etui",17,20
679,"even",104,107
680,"eves",238,241
681,"ewer",146,149
682,"exes",17,20
683,"exit",196,199
684,"exon",41,44
685,"fame",225,228
686,"fang",198,201
687,"fare",35,38
688,"fate",198,201
689,"faze",225,228
690,"fête",14,16
691,"feel",220,223
692,"fees",19,22
693,"feme",198,201
694,"fend",35,38
695,"fest",234,237
696,"feta",35,38
697,"fiat",264,267
698,"fife",234,237
699,"file",254,257
700,"film",220,223
701,"filo",220,223
702,"fire",220,223
703,"firs",254,257
704,"fist",19,22
705,"fold",189,192
706,"fora",189,192
707,"fore",189,192
708,"gaga",48,51
709,"gage",48,51
710,"gale",148,151
711,"gals",148,151
712,"game",48,51
713,"gape",53,56
714,"gars",148,151
715,"gate",59,62
716,"gean",168,171
717,"geed",32,35
718,"geek",73,76
719,"gees",183,186
720,"gels",231,234
721,"gelt",32,35
722,"gent",53,56
723,"germ",73,76
724,"geta",53,56
725,"gîte",5,7
726,"gibe",231,234
727,"gimp",168,171
728,"gins",231,234
729,"gist",183,186
730,"give",183,186
731,"gone",271,274
732,"goos",176,179
733,"gore",206,209
734,"guan",73,76
735,"haem",186,189
736,"haka",157,160
737,"hake",157,160
738,"hale",103,106
739,"hank",157,160
740,"hare",103,106
741,"hate",23,26
742,"hawk",186,189
743,"heat",22,25
744,"heme",23,26
745,"hens",237,240
746,"herm",185,188
747,"hero",185,188
748,"heth",237,240
749,"hint",185,188
750,"hunk",156,159
751,"hunt",22,25
752,"Idun",264,267
753,"Inga",55,58
754,"Inst",119,122
755,"ibex",220,223
756,"iced",14,17
757,"ices",150,153
758,"icon",129,132
759,"idea",119,122
760,"ides",19,22
761,"ilia",233,236
762,"imam",26,29
763,"inns",106,109
764,"inti",14,17
765,"ires",233,236
766,"item",55,58
767,"Jain",192,195
768,"Java",208,211
769,"Jena",192,195
770,"June",296,299
771,"jape",66,69
772,"jaws",66,69
773,"jean",296,299
774,"jeep",166,169
775,"jeer",30,33
776,"jeté",192,195
777,"jets",97,100
778,"jilt",30,33
779,"joss",178,181
780,"jute",296,299
781,"Kama",94,97
782,"Komi",177,180
783,"kale",6,9
784,"kame",94,97
785,"kami",163,166
786,"kava",8,11
787,"keas",16,19
788,"keek",126,129
789,"keen",16,19
790,"kelt",195,198
791,"kent",6,9
792,"kern",126,129
793,"keys",286,289
794,"kibe",16,19
795,"kids",16,19
796,"kike",126,129
797,"kina",195,198
798,"kine",16,19
799,"kink",126,129
800,"kins",16,19
801,"kite",16,19
802,"kith",16,19
803,"kits",16,19
804,"knee",71,74
805,"knew",290,293
806,"knit",71,74
807,"knot",174,177
808,"Lund",109,112
809,"leak",109,112
810,"leal",120,123
811,"lean",109,112
812,"lear",120,123
813,"leas",255,258
814,"leat",109,112
815,"leek",120,123
816,"leer",101,104
817,"lees",153,156
818,"leet",109,112
819,"left",101,104
820,"lend",11,14
821,"lent",11,14
822,"lest",20,23
823,"levy",20,23
824,"liar",101,104
825,"lice",120,123
826,"lido",221,224
827,"lied",235,238
828,"lien",101,104
829,"lieu",153,156
830,"like",120,123
831,"lima",109,112
832,"lime",109,112
833,"line",221,224
834,"linn",120,123
835,"lint",120,123
836,"lire",235,238
837,"list",153,156
838,"lite",120,123
839,"loge",41,44
840,"loir",226,229
841,"lome",41,44
842,"lost",226,229
843,"love",226,229
844,"luce",109,112
845,"lues",255,258
846,"luke",109,112
847,"lure",120,123
848,"lute",109,112
849,"Maia",210,213
850,"Maui",115,118
851,"Mons",179,182
852,"mage",28,31
853,"magi",28,31
854,"maid",115,118
855,"main",115,118
856,"mako",173,176
857,"mama",206,209
858,"mams",28,31
859,"mart",5,8
860,"mask",210,213
861,"mast",210,213
862,"mate",173,176
863,"matt",28,31
864,"maws",68,71
865,"maze",28,31
866,"mead",59,62
867,"meal",148,151
868,"mean",59,62
869,"meat",48,51
870,"meek",53,56
871,"meet",48,51
872,"memo",176,179
873,"menu",210,213
874,"mete",5,8
875,"meth",99,102
876,"mice",148,151
877,"mick",282,285
878,"mien",32,35
879,"mike",148,151
880,"mile",231,234
881,"milk",32,35
882,"mils",231,234
883,"milt",32,35
884,"mime",59,62
885,"mind",148,151
886,"mink",282,285
887,"mint",53,56
888,"mire",32,35
889,"miri",231,234
890,"mite",53,56
891,"mitt",48,51
892,"mobs",179,182
893,"mode",179,182
894,"mods",179,182
895,"moss",180,183
896,"mote",179,182
897,"moth",179,182
898,"mule",148,151
899,"mure",148,151
900,"murk",282,285
901,"mute",59,62
902,"mutt",48,51
903,"Nato",42,45
904,"Nike",12,15
905,"Nile",256,259
906,"Nina",33,36
907,"Noah",96,99
908,"Nona",140,143
909,"naga",49,52
910,"naif",118,121
911,"name",49,52
912,"napa",54,57
913,"nape",54,57
914,"nark",283,286
915,"nary",283,286
916,"neap",74,77
917,"near",12,15
918,"neat",169,172
919,"nebs",18,21
920,"neck",283,286
921,"need",33,36
922,"neem",169,172
923,"neon",81,84
924,"nerd",12,15
925,"nest",102,105
926,"nets",18,21
927,"nett",2,5
928,"newt",293,296
929,"next",197,200
930,"nice",12,15
931,"nidi",232,235
932,"nine",33,36
933,"nits",232,235
934,"none",140,143
935,"note",133,136
936,"Otis",181,184
937,"oast",209,212
938,"odes",181,184
939,"ogee",180,183
940,"oils",230,233
941,"oink",281,284
942,"omit",45,48
943,"oner",84,87
944,"ones",181,184
945,"ores",98,101
946,"orra",193,196
947,"otic",280,283
948,"over",31,34
949,"oxen",280,283
950,"pâté",114,116
951,"pale",147,150
952,"pals",147,150
953,"pane",58,61
954,"pare",147,150
955,"pars",147,150
956,"pate",58,61
957,"peag",291,294
958,"peat",291,294
959,"pecs",147,150
960,"peek",72,75
961,"peen",72,75
962,"peke",147,150
963,"pent",147,150
964,"peon",79,82
965,"perm",72,75
966,"pert",72,75
967,"ping",72,75
968,"pint",72,75
969,"pita",72,75
970,"poas",205,208
971,"poet",205,208
972,"pole",205,208
973,"pone",270,273
974,"pooh",175,178
975,"pore",205,208
976,"post",27,30
977,"pupa",72,75
978,"putt",291,294
979,"quim",194,197
980,"quit",194,197
981,"Rahu",17,20
982,"rack",1,4
983,"rage",226,229
984,"ragi",226,229
985,"rake",1,4
986,"rams",226,229
987,"rang",199,202
988,"rank",1,4
989,"rant",1,4
990,"rare",36,39
991,"rase",17,20
992,"rata",1,4
993,"rate",1,4
994,"raze",226,229
995,"real",11,14
996,"rear",11,14
997,"rede",17,20
998,"reds",17,20
999,"reef",101,104
1000,"reek",11,14
1001,"reel",221,224
1002,"refs",255,258
1003,"reft",120,123
1004,"rein",120,123
1005,"reis",153,156
1006,"rend",36,39
1007,"rent",36,39
1008,"rest",101,104
1009,"rete",17,20
1010,"rets",17,20
1011,"revs",235,238
1012,"rhea",153,156
1013,"rial",120,123
1014,"rice",11,14
1015,"riel",235,238
1016,"rife",235,238
1017,"rift",101,104
1018,"rile",255,258
1019,"rind",11,14
1020,"rise",153,156
1021,"rite",11,14
1022,"rôle",17,19
1023,"role",95,98
1024,"rone",139,142
1025,"rota",132,135
1026,"rote",132,135
1027,"rued",11,14
1028,"Serb",103,106
1029,"Seth",238,241
1030,"Sian",22,25
1031,"Sikh",103,106
1032,"saké",111,114
1033,"sake",111,114
1034,"saki",111,114
1035,"sale",104,107
1036,"salt",122,125
1037,"sand",111,114
1038,"sank",158,161
1039,"sari",104,107
1040,"sate",24,27
1041,"sawn",187,190
1042,"scar",123,126
1043,"scry",123,126
1044,"seal",103,106
1045,"sear",103,106
1046,"seas",237,240
1047,"seat",23,26
1048,"secs",104,107
1049,"seed",237,240
1050,"seek",103,106
1051,"seem",23,26
1052,"seen",103,106
1053,"seep",22,25
1054,"seer",185,188
1055,"self",237,240
1056,"send",104,107
1057,"sene",223,226
1058,"sens",238,241
1059,"sent",104,107
1060,"sept",23,26
1061,"sere",237,240
1062,"seta",104,107
1063,"sets",238,241
1064,"sett",24,27
1065,"sext",223,226
1066,"sice",103,106
1067,"side",237,240
1068,"sign",157,160
1069,"sima",23,26
1070,"sine",237,240
1071,"sins",237,240
1072,"site",103,106
1073,"sits",237,240
1074,"skid",13,16
1075,"skin",13,16
1076,"skit",13,16
1077,"skua",123,126
1078,"slew",262,265
1079,"slid",238,241
1080,"slim",262,265
1081,"slit",238,241
1082,"sloe",223,226
1083,"slue",238,241
1084,"slut",262,265
1085,"snag",224,227
1086,"snip",263,266
1087,"spot",267,270
1088,"stag",188,191
1089,"stem",75,78
1090,"stet",13,16
1091,"stew",224,227
1092,"stum",224,227
1093,"stye",170,173
1094,"sued",103,106
1095,"sues",237,240
1096,"suet",103,106
1097,"sunk",157,160
1098,"sure",103,106
1099,"swag",24,27
1100,"swam",24,27
1101,"swat",24,27
1102,"syce",188,191
1103,"Taft",126,129
1104,"Thai",236,239
1105,"Thea",21,24
1106,"Tues",18,21
1107,"Turk",283,286
1108,"taal",6,9
1109,"taco",91,94
1110,"tact",91,94
1111,"tael",16,19
1112,"tahr",100,103
1113,"tais",100,103
1114,"taka",91,94
1115,"take",91,94
1116,"tala",8,11
1117,"tale",8,11
1118,"tame",29,32
1119,"tams",29,32
1120,"tank",91,94
1121,"tape",69,72
1122,"tapu",69,72
1123,"tare",8,11
1124,"tarn",6,9
1125,"tart",6,9
1126,"task",10,13
1127,"tass",152,155
1128,"tats",71,74
1129,"tatu",57,60
1130,"taus",16,19
1131,"taut",40,43
1132,"taws",69,72
1133,"teak",2,5
1134,"teal",37,40
1135,"team",42,45
1136,"tear",37,40
1137,"teas",18,21
1138,"teat",2,5
1139,"teds",100,103
1140,"teed",18,21
1141,"teem",2,5
1142,"teen",18,21
1143,"tees",21,24
1144,"tegu",71,74
1145,"tend",8,11
1146,"tens",100,103
1147,"tent",6,9
1148,"term",54,57
1149,"tern",37,40
1150,"test",110,113
1151,"teth",100,103
1152,"text",40,43
1153,"thee",21,24
1154,"then",102,105
1155,"thew",21,24
1156,"thin",184,187
1157,"tick",283,286
1158,"tics",149,152
1159,"tide",18,21
1160,"tied",33,36
1161,"tier",121,124
1162,"ties",21,24
1163,"tike",37,40
1164,"tiki",37,40
1165,"tile",232,235
1166,"tilt",33,36
1167,"time",2,5
1168,"tine",18,21
1169,"ting",54,57
1170,"tink",128,131
1171,"tins",18,21
1172,"tint",37,40
1173,"tiny",128,131
1174,"tire",33,36
1175,"titi",18,21
1176,"tits",18,21
1177,"toea",46,49
1178,"toes",181,184
1179,"toey",135,138
1180,"toft",280,283
1181,"togs",179,182
1182,"tome",179,182
1183,"toms",179,182
1184,"tone",45,48
1185,"tons",180,183
1186,"tort",135,138
1187,"toss",181,184
1188,"tote",45,48
1189,"tots",180,183
1190,"tour",280,283
1191,"tout",46,49
1192,"tram",40,43
1193,"tree",10,13
1194,"trek",126,129
1195,"tret",16,19
1196,"trip",108,111
1197,"trod",138,141
1198,"trot",131,134
1199,"true",10,13
1200,"tsar",121,124
1201,"tuck",2,5
1202,"tums",227,230
1203,"tuna",60,63
1204,"tune",60,63
1205,"tung",200,203
1206,"turn",283,286
1207,"tutu",60,63
1208,"twat",174,177
1209,"twee",57,60
1210,"twig",57,60
1211,"twit",57,60
1212,"tyke",206,209
1213,"tyne",28,31
1214,"unto",269,272
1215,"used",220,223
1216,"user",234,237
1217,"vain",13,16
1218,"vane",75,78
1219,"vasa",105,108
1220,"vase",105,108
1221,"veal",34,37
1222,"vega",75,78
1223,"veil",239,242
1224,"vena",13,16
1225,"vert",34,37
1226,"vest",239,242
1227,"vets",105,108
1228,"vice",34,37
1229,"vier",239,242
1230,"view",263,266
1231,"wage",27,30
1232,"wain",114,117
1233,"wait",114,117
1234,"want",172,175
1235,"ward",4,7
1236,"warn",4,7
1237,"wart",4,7
1238,"watt",27,30
1239,"weal",147,150
1240,"wean",58,61
1241,"wear",147,150
1242,"week",147,150
1243,"ween",147,150
1244,"weer",72,75
1245,"weft",72,75
1246,"weka",4,7
1247,"went",4,7
1248,"wert",147,150
1249,"weta",4,7
1250,"wind",147,150
1251,"wons",178,181
1252,"wren",114,117
1253,"yawn",91,94
1254,"yean",57,60
1255,"yobs",177,180
1256,"yodh",177,180
1257,"yoni",177,180
1258,"zebu",231,234
1259,"zeds",231,234
1260,"zest",183,186
1261,"zeta",73,76
1262,"zone",80,83
1263,"Aries",151,155
1264,"Asian",20,24
1265,"Avena",11,15
1266,"about",291,295
1267,"ackee",4,8
1268,"acted",4,8
1269,"adage",291,295
1270,"admit",58,62
1271,"aedes",151,155
1272,"aerie",17,21
1273,"afire",218,222
1274,"agape",51,55
1275,"agate",296,300
1276,"agent",51,55
1277,"agues",229,233
1278,"aides",17,21
1279,"alder",216,220
1280,"align",107,111
1281,"amain",192,196
1282,"ameer",30,34
1283,"amens",97,101
1284,"ament",66,70
1285,"amirs",229,233
1286,"anent",147,151
1287,"ankle",4,8
1288,"annas",114,118
1289,"anoas",205,209
1290,"anole",205,209
1291,"aping",70,74
1292,"arête",7,10
1293,"areal",9,13
1294,"arise",151,155
1295,"arris",15,19
1296,"aside",235,239
1297,"asker",11,15
1298,"asset",153,157
1299,"ate up",72,76
1300,"atone",178,182
1301,"auger",226,230
1302,"aunty",199,203
1303,"axles",147,151
1304,"Bantu",110,114
1305,"Basle",256,260
1306,"Belém",236,240
1307,"Berne",102,106
1308,"BLitt",261,265
1309,"Bragi",222,226
1310,"bahts",256,260
1311,"baker",110,114
1312,"based",256,260
1313,"bated",110,114
1314,"bears",102,106
1315,"bedel",256,260
1316,"bedew",261,265
1317,"bedim",261,265
1318,"bed in",256,260
1319,"beets",236,240
1320,"begot",266,270
1321,"benne",121,125
1322,"berth",102,106
1323,"betes",256,260
1324,"bid in",236,240
1325,"bikes",102,106
1326,"bites",236,240
1327,"bleak",261,265
1328,"bleat",261,265
1329,"bleed",256,260
1330,"blini",256,260
1331,"blues",256,260
1332,"blunt",261,265
1333,"braze",222,226
1334,"burst",102,106
1335,"bused",236,240
1336,"Chewa",152,156
1337,"cased",217,221
1338,"cedes",16,20
1339,"cense",16,20
1340,"cheat",152,156
1341,"chime",152,156
1342,"chunk",152,156
1343,"chute",152,156
1344,"cited",10,14
1345,"clear",116,120
1346,"cline",217,221
1347,"clint",116,120
1348,"clued",116,120
1349,"conte",131,135
1350,"cores",94,98
1351,"corse",94,98
1352,"crate",195,199
1353,"creel",217,221
1354,"crees",16,20
1355,"cried",217,221
1356,"ctene",6,10
1357,"cults",10,14
1358,"cured",10,14
1359,"curet",10,14
1360,"curls",10,14
1361,"Dagan",293,297
1362,"Dhaka",154,158
1363,"Donar",277,281
1364,"dared",12,16
1365,"dealt",121,125
1366,"debit",232,236
1367,"debus",232,236
1368,"delfs",256,260
1369,"dense",232,236
1370,"depot",266,270
1371,"deter",33,37
1372,"de Wet",110,114
1373,"didos",222,226
1374,"diene",236,240
1375,"diets",236,240
1376,"dirts",102,106
1377,"doing",49,53
1378,"donee",81,85
1379,"dorms",64,68
1380,"doves",227,231
1381,"dried",252,256
1382,"drier",232,236
1383,"eager",228,232
1384,"eared",14,18
1385,"earls",14,18
1386,"eased",220,224
1387,"easel",234,238
1388,"eaten",3,7
1389,"eater",146,150
1390,"edits",255,259
1391,"educe",109,113
1392,"eerie",233,237
1393,"eider",239,243
1394,"elide",254,258
1395,"elite",119,123
1396,"elute",264,268
1397,"elves",234,238
1398,"emcee",97,101
1399,"emeer",72,76
1400,"emmer",279,283
1401,"emmet",134,138
1402,"emote",178,182
1403,"enact",1,5
1404,"en ami",226,230
1405,"enate",1,5
1406,"enema",1,5
1407,"enter",15,19
1408,"enure",11,15
1409,"ernes",150,154
1410,"esker",122,126
1411,"et seq",109,113
1412,"evens",104,108
1413,"exeat",196,200
1414,"Fagin",225,229
1415,"Fagus",225,229
1416,"fatwa",198,202
1417,"fazed",225,229
1418,"feint",119,123
1419,"feted",35,39
1420,"fiend",119,123
1421,"filer",254,258
1422,"first",254,258
1423,"gales",148,152
1424,"gamer",48,52
1425,"gamey",63,67
1426,"gamin",48,52
1427,"ganja",59,63
1428,"gelid",251,255
1429,"gents",148,152
1430,"geode",80,84
1431,"getas",148,152
1432,"get at",53,57
1433,"gibed",251,255
1434,"goose",176,180
1435,"guest",251,255
1436,"Haifa",237,241
1437,"Hanoi",23,27
1438,"ideal",119,123
1439,"ideas",254,258
1440,"id est",19,23
1441,"ileus",233,237
1442,"image",26,30
1443,"imams",26,30
1444,"in alt",35,39
1445,"indie",150,154
1446,"inset",234,238
1447,"inter",14,18
1448,"intis",150,154
1449,"istle",103,107
1450,"jeers",229,233
1451,"Kamet",94,98
1452,"Kazak",163,167
1453,"Kazan",163,167
1454,"Kríti",6,9
1455,"kaput",286,290
1456,"keens",16,20
1457,"kents",6,10
1458,"kites",16,20
1459,"Loire",226,230
1460,"leant",109,113
1461,"lease",255,259
1462,"leers",235,239
1463,"lefts",101,105
1464,"liars",101,105
1465,"lidos",221,225
1466,"liens",235,239
1467,"ligne",109,113
1468,"liker",120,124
1469,"limed",109,113
1470,"limen",109,113
1471,"litre",120,124
1472,"loirs",226,230
1473,"loves",226,230
1474,"lucre",109,113
1475,"Mafia",115,119
1476,"Maine",115,119
1477,"Miami",292,296
1478,"mains",115,119
1479,"mamas",206,210
1480,"manor",203,207
1481,"marts",5,9
1482,"maser",99,103
1483,"matte",28,32
1484,"matzo",271,275
1485,"maven",210,214
1486,"mazed",28,32
1487,"meals",148,152
1488,"medal",210,214
1489,"media",99,103
1490,"merge",53,57
1491,"metal",5,9
1492,"meter",115,119
1493,"metis",99,103
1494,"meuse",231,235
1495,"miaul",32,36
1496,"miens",231,235
1497,"mikes",148,152
1498,"miler",251,255
1499,"milia",231,235
1500,"mimer",144,148
1501,"mimic",144,148
1502,"minds",148,152
1503,"mints",148,152
1504,"mires",231,235
1505,"mitre",148,152
1506,"modes",179,183
1507,"mossy",180,184
1508,"motes",179,183
1509,"mules",148,152
1510,"Nisan",154,158
1511,"Norse",96,100
1512,"nares",149,153
1513,"naris",149,153
1514,"nasal",118,122
1515,"needs",232,236
1516,"nerve",252,256
1517,"nests",236,240
1518,"netes",18,22
1519,"ngwee",57,61
1520,"nidus",252,256
1521,"niece",121,125
1522,"nines",232,236
1523,"niter",33,37
1524,"nitre",12,16
1525,"noose",177,181
1526,"often",281,285
1527,"ogive",180,184
1528,"oiler",250,254
1529,"olein",98,102
1530,"other",181,185
1531,"outer",143,147
1532,"ovate",85,89
1533,"overt",31,35
1534,"oxter",142,146
1535,"Paris",147,151
1536,"Parsi",147,151
1537,"pales",147,151
1538,"pares",147,151
1539,"parse",147,151
1540,"patio",58,62
1541,"pekes",147,151
1542,"penni",147,151
1543,"poets",205,209
1544,"polar",205,209
1545,"quean",194,198
1546,"quest",115,119
1547,"racks",1,5
1548,"ragee",226,230
1549,"raise",17,21
1550,"ramee",226,230
1551,"ramie",226,230
1552,"rased",218,222
1553,"ratan",199,203
1554,"razed",226,230
1555,"rebec",117,121
1556,"recto",127,131
1557,"reefs",235,239
1558,"reign",109,113
1559,"reins",255,259
1560,"reman",199,203
1561,"rente",36,40
1562,"reset",20,24
1563,"resit",153,157
1564,"rests",235,239
1565,"retes",17,21
1566,"retie",17,21
1567,"retro",127,131
1568,"reuse",255,259
1569,"revet",101,105
1570,"riant",109,113
1571,"riata",109,113
1572,"rifts",101,105
1573,"Seder",238,242
1574,"Sitta",23,27
1575,"saker",111,115
1576,"salep",104,108
1577,"saree",104,108
1578,"sated",111,115
1579,"scene",13,17
1580,"scent",123,127
1581,"scree",13,17
1582,"sears",103,107
1583,"seeks",103,107
1584,"segno",158,162
1585,"semen",111,115
1586,"senna",122,126
1587,"sente",104,108
1588,"septa",157,161
1589,"serve",237,241
1590,"setae",104,108
1591,"sider",237,241
1592,"sited",103,107
1593,"sites",237,241
1594,"skeet",13,17
1595,"skelf",214,218
1596,"skids",13,17
1597,"skink",123,127
1598,"skins",13,17
1599,"skint",123,127
1600,"skite",13,17
1601,"skits",13,17
1602,"sleet",238,242
1603,"slept",262,266
1604,"slide",257,261
1605,"slime",262,266
1606,"slits",257,261
1607,"slues",257,261
1608,"snare",34,38
1609,"sneer",239,243
1610,"snore",188,192
1611,"spoil",24,28
1612,"staid",13,17
1613,"stain",13,17
1614,"stake",88,92
1615,"stank",88,92
1616,"state",75,79
1617,"steal",34,38
1618,"steam",224,228
1619,"stern",34,38
1620,"stint",34,38
1621,"stria",105,109
1622,"strip",105,109
1623,"suede",103,107
1624,"swage",24,28
1625,"swain",111,115
1626,"swami",24,28
1627,"Taegu",69,73
1628,"Tamil",29,33
1629,"Tebet",108,112
1630,"Tevet",121,125
1631,"Thebe",236,240
1632,"Tibet",118,122
1633,"Tilia",232,236
1634,"Timur",145,149
1635,"Tudor",60,64
1636,"taels",16,20
1637,"tafia",116,120
1638,"taint",126,130
1639,"tamed",96,100
1640,"taper",69,73
1641,"targe",286,290
1642,"tarts",6,10
1643,"tasse",152,156
1644,"taste",10,14
1645,"tauon",40,44
1646,"teals",149,153
1647,"teams",227,231
1648,"tears",149,153
1649,"teary",283,287
1650,"tease",18,22
1651,"teens",18,22
1652,"teeny",128,132
1653,"teeth",18,22
1654,"tenet",16,20
1655,"tenia",108,112
1656,"tenon",131,135
1657,"tenor",94,98
1658,"tense",100,104
1659,"tents",8,12
1660,"tepal",145,149
1661,"terne",37,41
1662,"terns",149,153
1663,"terse",18,22
1664,"testa",121,125
1665,"tests",256,260
1666,"testy",266,270
1667,"thens",236,240
1668,"therm",184,188
1669,"theta",102,106
1670,"three",236,240
1671,"thuja",184,188
1672,"tiara",12,16
1673,"tibia",18,22
1674,"tides",18,22
1675,"tiers",256,260
1676,"tikes",149,153
1677,"tiler",252,256
1678,"timer",145,149
1679,"tinct",283,287
1680,"tines",18,22
1681,"tinge",54,58
1682,"tinny",283,287
1683,"tints",149,153
1684,"tires",232,236
1685,"titan",54,58
1686,"tithe",18,22
1687,"titis",18,22
1688,"title",149,153
1689,"titre",37,41
1690,"tomes",179,183
1691,"tones",180,184
1692,"totes",180,184
1693,"trait",195,199
1694,"trass",16,20
1695,"treen",10,14
1696,"trees",152,156
1697,"trice",10,14
1698,"trier",100,104
1699,"tries",152,156
1700,"trike",10,14
1701,"trite",10,14
1702,"trued",10,14
1703,"tryst",286,290
1704,"tucks",2,6
1705,"tutee",60,64
1706,"tutti",49,53
1707,"tweer",71,75
1708,"tweet",57,61
1709,"users",234,238
1710,"utter",50,54
1711,"venae",13,17
1712,"vertu",34,38
1713,"vests",253,257
1714,"vexes",13,17
1715,"wager",27,31
1716,"wains",114,118
1717,"waits",114,118
1718,"warts",4,8
1719,"watts",27,31
1720,"weals",147,151
1721,"wears",147,151
1722,"weeks",147,151
1723,"wekas",4,8
1724,"winds",147,151
1725,"wrens",114,118
1726,"xenon",128,132
1727,"zebus",231,235
1728,"Althea",15,20
1729,"Angola",202,207
1730,"aerate",196,201
1731,"aerial",117,122
1732,"albedo",216,221
1733,"albeit",15,20
1734,"alisma",151,156
1735,"amebic",97,102
1736,"ameers",229,234
1737,"anklet",4,9
1738,"ardent",7,12
1739,"arnica",7,12
1740,"askers",11,16
1741,"atones",178,183
1742,"attain",192,197
1743,"attire",30,35
1744,"attrit",208,213
1745,"attune",296,301
1746,"augers",226,231
1747,"augite",226,231
1748,"Bantus",110,115
1749,"bakers",110,115
1750,"banned",110,115
1751,"banter",110,115
1752,"beetle",102,107
1753,"before",184,189
1754,"begone",266,271
1755,"bennet",121,126
1756,"betted",110,115
1757,"bluest",256,261
1758,"brazed",222,227
1759,"brazen",222,227
1760,"caiman",195,200
1761,"corset",94,99
1762,"curler",211,216
1763,"debase",252,257
1764,"debits",232,237
1765,"decree",12,17
1766,"deemed",110,115
1767,"defied",236,241
1768,"denied",252,257
1769,"denier",232,237
1770,"dentin",12,17
1771,"depone",266,271
1772,"detain",12,17
1773,"detest",252,257
1774,"dieted",102,107
1775,"doning",81,86
1776,"dormie",64,69
1777,"driers",232,237
1778,"dunned",110,115
1779,"Edirne",101,106
1780,"eatage",26,31
1781,"eat out",43,48
1782,"edible",255,260
1783,"edited",120,125
1784,"educed",109,114
1785,"eerier",233,238
1786,"eiders",253,258
1787,"elites",254,259
1788,"emotes",178,183
1789,"en fête",11,15
1790,"enters",15,20
1791,"enured",11,16
1792,"esteem",223,228
1793,"ethene",235,240
1794,"eureka",123,128
1795,"extant",199,204
1796,"extent",1,6
1797,"eyeing",70,75
1798,"Fagins",225,230
1799,"feeler",254,259
1800,"filers",254,259
1801,"firsts",254,259
1802,"foetid",189,194
1803,"George",63,68
1804,"gamete",63,68
1805,"gaming",48,53
1806,"gentes",148,153
1807,"getter",144,149
1808,"govern",28,33
1809,"guests",251,256
1810,"Hedera",237,242
1811,"hawker",186,191
1812,"Iberia",234,239
1813,"iciest",150,155
1814,"ideate",264,269
1815,"induce",106,111
1816,"insets",234,239
1817,"intent",284,289
1818,"intern",124,129
1819,"inters",14,19
1820,"in vain",119,124
1821,"invest",254,259
1822,"itself",234,239
1823,"jaeger",66,71
1824,"jet ski",208,213
1825,"jilted",30,35
1826,"jupati",51,56
1827,"lean on",265,270
1828,"leased",255,260
1829,"lieder",235,240
1830,"linage",221,226
1831,"linnet",120,125
1832,"linter",120,125
1833,"mascle",210,215
1834,"masted",210,215
1835,"matted",206,211
1836,"mealie",148,153
1837,"mediae",99,104
1838,"medial",99,104
1839,"meninx",210,215
1840,"mensal",99,104
1841,"menura",210,215
1842,"metage",162,167
1843,"meteor",93,98
1844,"meters",115,120
1845,"met men",206,211
1846,"milers",251,256
1847,"mimics",144,149
1848,"mitres",148,153
1849,"modest",179,184
1850,"mother",179,184
1851,"mutter",48,53
1852,"mutule",144,149
1853,"naming",49,54
1854,"natter",49,54
1855,"nature",145,150
1856,"neared",12,17
1857,"nereid",252,257
1858,"nerves",252,257
1859,"nested",102,107
1860,"nestle",102,107
1861,"netter",145,150
1862,"nitwit",74,79
1863,"notion",272,277
1864,"novice",29,34
1865,"nutate",169,174
1866,"oilers",250,255
1867,"old man",193,198
1868,"osteal",31,36
1869,"overdo",31,36
1870,"Parsee",147,152
1871,"panama",58,63
1872,"paries",147,152
1873,"patten",62,67
1874,"permit",72,77
1875,"poster",27,32
1876,"potion",270,275
1877,"puttee",291,296
1878,"ranked",1,6
1879,"rankle",1,6
1880,"reared",11,16
1881,"rector",127,132
1882,"rennet",36,41
1883,"reseat",153,158
1884,"resign",153,158
1885,"rested",101,106
1886,"reties",17,22
1887,"reused",255,260
1888,"Santee",111,116
1889,"St Luke",105,110
1890,"Sweyn I",158,163
1891,"saluki",104,109
1892,"salute",104,109
1893,"sauger",223,228
1894,"scenes",13,18
1895,"sclera",214,219
1896,"screes",13,18
1897,"seeder",237,242
1898,"segnos",158,163
1899,"senile",257,262
1900,"sennet",122,127
1901,"septet",157,162
1902,"serein",237,242
1903,"sewage",23,28
1904,"sleets",257,262
1905,"sleety",262,267
1906,"sneers",253,258
1907,"snored",188,193
1908,"spoilt",24,29
1909,"stains",13,18
1910,"stamen",188,193
1911,"steams",224,229
1912,"steeve",233,238
1913,"swains",111,116
1914,"talent",8,13
1915,"taping",69,74
1916,"tasset",152,157
1917,"tasted",10,15
1918,"tatted",96,101
1919,"tattie",29,34
1920,"tattle",96,101
1921,"teased",219,224
1922,"teethe",18,23
1923,"tenets",16,21
1924,"tenner",8,13
1925,"tenors",94,99
1926,"tenure",10,15
1927,"tested",121,126
1928,"testee",222,227
1929,"testes",256,261
1930,"thetas",102,107
1931,"tiaras",12,17
1932,"tie tac",87,92
1933,"tilted",33,38
1934,"tineid",219,224
1935,"tin hat",18,23
1936,"titles",149,154
1937,"titres",149,154
1938,"titter",145,150
1939,"toeing",84,89
1940,"toitoi",274,279
1941,"triced",10,15
1942,"tsetse",256,261
1943,"Wagner",205,210
1944,"warden",4,9
1945,"wattle",205,210
1946,"zonary",276,281
1947,"zoning",80,85
1948,"à tâtons",179,183
1949,"albedos",216,222
1950,"aligned",107,113
1951,"arietta",107,113
1952,"ariette",107,113
1953,"arnicas",7,13
1954,"attires",229,235
1955,"balcony",121,127
1956,"banters",110,116
1957,"bequest",110,116
1958,"brazens",222,228
1959,"conk out",131,137
1960,"connote",131,137
1961,"cremate",195,201
1962,"curried",211,217
1963,"debased",252,258
1964,"decline",213,219
1965,"decrees",12,18
1966,"decried",213,219
1967,"deftest",102,108
1968,"deniers",232,238
1969,"dentine",12,18
1970,"detains",12,18
1971,"detests",252,258
1972,"dimeter",110,116
1973,"Eurasia",13,19
1974,"enacted",1,7
1975,"enemata",199,205
1976,"feelers",254,260
1977,"filibeg",254,260
1978,"gooiest",176,182
1979,"Hanover",23,29
1980,"imagine",26,32
1981,"induced",106,112
1982,"inter se",14,20
1983,"invests",254,260
1984,"love set",226,232
1985,"martial",5,11
1986,"may tree",203,209
1987,"meteors",93,99
1988,"natures",145,151
1989,"necktie",283,289
1990,"nervier",252,258
1991,"pennies",147,153
1992,"pet name",58,64
1993,"postern",27,33
1994,"posture",27,33
1995,"quested",115,121
1996,"reigned",109,115
1997,"reinter",120,126
1998,"rip tide",109,115
1999,"riptide",109,115
2000,"Staines",13,19
2001,"saluted",104,110
2002,"staider",214,220
2003,"station",75,81
2004,"striate",105,111
2005,"teaming",49,55
2006,"tenured",10,16
2007,"testier",256,262
2008,"tie line",256,262
2009,"trestle",100,106
2010,"wearies",147,153
2011,"à bientôt",184,189
2012,"Bakelite",110,117
2013,"corseted",94,101
2014,"detainee",12,19
2015,"Eurasian",13,20
2016,"entities",15,22
2017,"imaginal",26,33
2018,"love sets",226,233
2019,"niceties",12,19
2020,"rotenone",132,139
2021,"senility",257,264
2022,"slept out",262,269
2023,"staidest",13,20
2024,"striated",105,112
2025,"teetotum",42,49
2026,"test case",110,117
2027,"tinniest",149,156
2028,"weariest",147,154
2029,"detainees",12,20
2030,"stationer",75,83
2031,"liquescent",109,118
2032,"stationing",75,84
