## xl/sharedStrings.xml
 
 Pos CharPos Pos K4ct K4ctc O B K R U X G H L S I F W V Q P N T J E Z A D Y M C T is your pos Stripped Stripped First50 second50 Sine 
## xl/worksheets/sheet1.xml
 
 0 17 0 C1+1 1 D1+1 2 3 4 5 6 7 8 9 10 11 12 13 14 15 16 17 18 19 20 21 22 23 24 25 CHAR(C1+65) A CHAR(D1+65) B C D E F G H I J K L M N O P Q R S T U V W X Y Z 
 1 1 MOD(A2,$B$1) 1 MOD($B2+11+C$1,26) 12 MOD($B2+11+D$1,26) 13 14 15 16 17 18 19 20 21 22 23 24 25 0 1 2 3 4 5 6 7 8 9 10 11 AVERAGE(C2:C25) 15.666666666666666 AVERAGE(D2:D25) 15.583333333333334 15.5 15.416666666666666 15.333333333333334 15.25 15.166666666666666 15.083333333333334 13.916666666666666 12.75 11.583333333333334 10.416666666666666 9.25 8.0833333333333339 6.916666666666667 6.833333333333333 7.833333333333333 8.8333333333333339 9.8333333333333339 10.833333333333334 11.833333333333334 12.833333333333334 13.833333333333334 14.833333333333334 15.833333333333334 15.75 
 1+A2 2 MOD(A3,$B$1) 2 MOD($B3+11+C$1,26) 13 14 15 16 17 18 19 20 21 22 23 24 25 0 1 2 3 4 5 6 7 8 9 10 11 12 AVERAGE(C3:C26) 15.958333333333334 AVERAGE(D3:D26) 15.875 AVERAGE(E3:E26) 15.791666666666666 AVERAGE(F3:F26) 15.708333333333334 AVERAGE(G3:G26) 15.625 AVERAGE(H3:H26) 15.541666666666666 AVERAGE(I3:I26) 15.458333333333334 AVERAGE(J3:J26) 14.291666666666666 AVERAGE(K3:K26) 13.125 AVERAGE(L3:L26) 11.958333333333334 AVERAGE(M3:M26) 10.791666666666666 AVERAGE(N3:N26) 9.625 AVERAGE(O3:O26) 8.4583333333333339 AVERAGE(P3:P26) 7.291666666666667 AVERAGE(Q3:Q26) 7.208333333333333 AVERAGE(R3:R26) 7.125 AVERAGE(S3:S26) 8.125 AVERAGE(T3:T26) 9.125 AVERAGE(U3:U26) 10.125 AVERAGE(V3:V26) 11.125 AVERAGE(W3:W26) 12.125 AVERAGE(X3:X26) 13.125 AVERAGE(Y3:Y26) 14.125 AVERAGE(Z3:Z26) 15.125 AVERAGE(AA3:AA26) 16.125 AVERAGE(AB3:AB26) 16.041666666666668 
 1+A3 3 3 14 15 16 17 18 19 20 21 22 23 24 25 0 1 2 3 4 5 6 7 8 9 10 11 12 13 16.25 16.166666666666668 16.083333333333332 16 15.916666666666666 15.833333333333334 14.666666666666666 13.5 12.333333333333334 11.166666666666666 10 8.8333333333333339 7.666666666666667 7.583333333333333 7.5 7.416666666666667 8.4166666666666661 9.4166666666666661 10.416666666666666 11.416666666666666 12.416666666666666 13.416666666666666 14.416666666666666 15.416666666666666 16.416666666666668 16.333333333333332 
 4 4 15 16 17 18 19 20 21 22 23 24 25 0 1 2 3 4 5 6 7 8 9 10 11 12 13 14 16.541666666666668 16.458333333333332 16.375 16.291666666666668 16.208333333333332 15.041666666666666 13.875 12.708333333333334 11.541666666666666 10.375 9.2083333333333339 8.0416666666666661 7.958333333333333 7.875 7.791666666666667 7.708333333333333 8.7083333333333339 9.7083333333333339 10.708333333333334 11.708333333333334 12.708333333333334 13.708333333333334 14.708333333333334 15.708333333333334 16.708333333333332 16.625 
 5 5 16 17 18 19 20 21 22 23 24 25 0 1 2 3 4 5 6 7 8 9 10 11 12 13 14 15 16.833333333333332 16.75 16.666666666666668 16.583333333333332 15.416666666666666 14.25 13.083333333333334 11.916666666666666 10.75 9.5833333333333339 8.4166666666666661 8.3333333333333339 8.25 8.1666666666666661 8.0833333333333339 8 9 10 11 12 13 14 15 16 17 16.916666666666668 
 6 6 17 18 19 20 21 22 23 24 25 0 1 2 3 4 5 6 7 8 9 10 11 12 13 14 15 16 17.125 17.041666666666668 16.958333333333332 15.791666666666666 14.625 13.458333333333334 12.291666666666666 11.125 9.9583333333333339 8.7916666666666661 8.7083333333333339 8.625 8.5416666666666661 8.4583333333333339 8.375 8.2916666666666661 9.2916666666666661 10.291666666666666 11.291666666666666 12.291666666666666 13.291666666666666 14.291666666666666 15.291666666666666 16.291666666666668 17.291666666666668 17.208333333333332 
 7 7 18 19 20 21 22 23 24 25 0 1 2 3 4 5 6 7 8 9 10 11 12 13 14 15 16 17 17.416666666666668 17.333333333333332 16.166666666666668 15 13.833333333333334 12.666666666666666 11.5 10.333333333333334 9.1666666666666661 9.0833333333333339 9 8.9166666666666661 8.8333333333333339 8.75 8.6666666666666661 8.5833333333333339 9.5833333333333339 10.583333333333334 11.583333333333334 12.583333333333334 13.583333333333334 14.583333333333334 15.583333333333334 16.583333333333332 17.583333333333332 17.5 
 8 8 19 20 21 22 23 24 25 0 1 2 3 4 5 6 7 8 9 10 11 12 13 14 15 16 17 18 17.708333333333332 16.541666666666668 15.375 14.208333333333334 13.041666666666666 11.875 10.708333333333334 9.5416666666666661 9.4583333333333339 9.375 9.2916666666666661 9.2083333333333339 9.125 9.0416666666666661 8.9583333333333339 8.875 9.875 10.875 11.875 12.875 13.875 14.875 15.875 16.875 17.875 17.791666666666668 
 9 9 20 21 22 23 24 25 0 1 2 3 4 5 6 7 8 9 10 11 12 13 14 15 16 17 18 19 16.916666666666668 15.75 14.583333333333334 13.416666666666666 12.25 11.083333333333334 9.9166666666666661 9.8333333333333339 9.75 9.6666666666666661 9.5833333333333339 9.5 9.4166666666666661 9.3333333333333339 9.25 9.1666666666666661 10.166666666666666 11.166666666666666 12.166666666666666 13.166666666666666 14.166666666666666 15.166666666666666 16.166666666666668 17.166666666666668 18.166666666666668 18.083333333333332 
 10 10 21 22 23 24 25 0 1 2 3 4 5 6 7 8 9 10 11 12 13 14 15 16 17 18 19 20 16.125 14.958333333333334 13.791666666666666 12.625 11.458333333333334 10.291666666666666 10.208333333333334 10.125 10.041666666666666 9.9583333333333339 9.875 9.7916666666666661 9.7083333333333339 9.625 9.5416666666666661 9.4583333333333339 10.458333333333334 11.458333333333334 12.458333333333334 13.458333333333334 14.458333333333334 15.458333333333334 16.458333333333332 17.458333333333332 18.458333333333332 17.291666666666668 
 11 11 22 23 24 25 0 1 MOD($B12+11+I$1,26) 2 3 4 5 6 7 8 9 10 11 12 13 14 15 16 17 MOD($B12+11+Y$1,26) 18 19 20 21 15.708333333333334 14.541666666666666 13.375 12.208333333333334 11.041666666666666 10.958333333333334 10.875 10.791666666666666 10.708333333333334 10.625 10.541666666666666 10.458333333333334 10.375 10.291666666666666 10.208333333333334 9.0416666666666661 10.041666666666666 11.041666666666666 12.041666666666666 13.041666666666666 14.041666666666666 15.041666666666666 16.041666666666668 17.041666666666668 18.041666666666668 16.875 
 12 12 23 24 25 0 1 2 3 4 5 6 7 8 9 10 11 12 13 14 15 16 17 18 19 20 21 22 15.291666666666666 14.125 12.958333333333334 11.791666666666666 11.708333333333334 11.625 11.541666666666666 11.458333333333334 11.375 11.291666666666666 11.208333333333334 11.125 11.041666666666666 10.958333333333334 9.7916666666666661 8.625 9.625 10.625 11.625 12.625 13.625 14.625 15.625 16.625 17.625 16.458333333333332 
 13 13 24 25 0 1 2 3 4 5 6 7 8 9 10 11 12 13 14 15 16 17 18 19 20 21 22 23 14.875 13.708333333333334 12.541666666666666 12.458333333333334 12.375 12.291666666666666 12.208333333333334 12.125 12.041666666666666 11.958333333333334 11.875 11.791666666666666 11.708333333333334 10.541666666666666 9.375 8.2083333333333339 9.2083333333333339 10.208333333333334 11.208333333333334 12.208333333333334 13.208333333333334 14.208333333333334 15.208333333333334 16.208333333333332 17.208333333333332 16.041666666666668 
 14 14 25 0 1 2 3 4 5 6 7 8 9 10 11 12 13 14 15 16 17 18 19 20 21 22 23 24 14.458333333333334 13.291666666666666 13.208333333333334 13.125 13.041666666666666 12.958333333333334 12.875 12.791666666666666 12.708333333333334 12.625 12.541666666666666 12.458333333333334 11.291666666666666 10.125 8.9583333333333339 7.791666666666667 8.7916666666666661 9.7916666666666661 10.791666666666666 11.791666666666666 12.791666666666666 13.791666666666666 14.791666666666666 15.791666666666666 16.791666666666668 15.625 
 15 15 0 1 2 3 4 5 6 7 8 9 10 11 12 13 14 15 16 17 18 19 20 21 22 23 24 25 14.041666666666666 13.958333333333334 13.875 13.791666666666666 13.708333333333334 13.625 13.541666666666666 13.458333333333334 13.375 13.291666666666666 13.208333333333334 12.041666666666666 10.875 9.7083333333333339 8.5416666666666661 7.375 8.375 9.375 10.375 11.375 12.375 13.375 14.375 15.375 16.375 15.208333333333334 
 16 16 1 2 3 4 5 6 7 8 9 10 11 12 13 14 15 16 17 18 19 20 21 22 23 24 25 0 14.708333333333334 14.625 14.541666666666666 14.458333333333334 14.375 14.291666666666666 14.208333333333334 14.125 14.041666666666666 13.958333333333334 12.791666666666666 11.625 10.458333333333334 9.2916666666666661 8.125 6.958333333333333 7.958333333333333 8.9583333333333339 9.9583333333333339 10.958333333333334 11.958333333333334 12.958333333333334 13.958333333333334 14.958333333333334 15.958333333333334 14.791666666666666 
 17 0 11 12 13 14 15 16 17 18 19 20 21 22 23 24 25 0 1 2 3 4 5 6 7 8 9 10 15.375 15.291666666666666 15.208333333333334 15.125 15.041666666666666 14.958333333333334 14.875 14.791666666666666 14.708333333333334 13.541666666666666 12.375 11.208333333333334 10.041666666666666 8.875 7.708333333333333 6.541666666666667 7.541666666666667 8.5416666666666661 9.5416666666666661 10.541666666666666 11.541666666666666 12.541666666666666 13.541666666666666 14.541666666666666 15.541666666666666 15.458333333333334 
 18 1 12 13 14 15 16 17 18 19 20 21 22 23 24 25 0 1 2 3 4 5 6 7 8 9 10 11 15.666666666666666 15.583333333333334 15.5 15.416666666666666 15.333333333333334 15.25 15.166666666666666 15.083333333333334 13.916666666666666 12.75 11.583333333333334 10.416666666666666 9.25 8.0833333333333339 6.916666666666667 6.833333333333333 7.833333333333333 8.8333333333333339 9.8333333333333339 10.833333333333334 11.833333333333334 12.833333333333334 13.833333333333334 14.833333333333334 15.833333333333334 15.75 
 19 2 13 14 15 16 17 18 19 20 21 22 23 24 25 0 1 2 3 4 5 6 7 8 9 10 11 12 15.958333333333334 15.875 15.791666666666666 15.708333333333334 15.625 15.541666666666666 15.458333333333334 14.291666666666666 13.125 11.958333333333334 10.791666666666666 9.625 8.4583333333333339 7.291666666666667 7.208333333333333 7.125 8.125 9.125 10.125 11.125 12.125 13.125 14.125 15.125 16.125 16.041666666666668 
 20 3 14 15 16 17 18 19 20 21 22 23 24 25 0 1 2 3 4 5 6 7 8 9 10 11 12 13 16.25 16.166666666666668 16.083333333333332 16 15.916666666666666 15.833333333333334 14.666666666666666 13.5 12.333333333333334 11.166666666666666 10 8.8333333333333339 7.666666666666667 7.583333333333333 7.5 7.416666666666667 8.4166666666666661 9.4166666666666661 10.416666666666666 11.416666666666666 12.416666666666666 13.416666666666666 14.416666666666666 15.416666666666666 16.416666666666668 16.333333333333332 
 21 4 15 16 17 18 19 20 21 22 23 24 25 0 1 2 3 4 5 6 7 8 9 10 11 12 13 14 16.541666666666668 16.458333333333332 16.375 16.291666666666668 16.208333333333332 15.041666666666666 13.875 12.708333333333334 11.541666666666666 10.375 9.2083333333333339 8.0416666666666661 7.958333333333333 7.875 7.791666666666667 7.708333333333333 8.7083333333333339 9.7083333333333339 10.708333333333334 11.708333333333334 12.708333333333334 13.708333333333334 14.708333333333334 15.708333333333334 16.708333333333332 16.625 
 22 5 16 17 18 19 20 21 22 23 24 25 0 1 2 3 4 5 6 7 8 9 10 11 12 13 14 15 16.833333333333332 16.75 16.666666666666668 16.583333333333332 15.416666666666666 14.25 13.083333333333334 11.916666666666666 10.75 9.5833333333333339 8.4166666666666661 8.3333333333333339 8.25 8.1666666666666661 8.0833333333333339 8 9 10 11 12 13 14 15 16 17 16.916666666666668 
 23 6 17 18 19 20 21 22 23 24 25 0 1 2 3 4 5 6 7 8 9 10 11 12 13 14 15 16 17.125 17.041666666666668 16.958333333333332 15.791666666666666 14.625 13.458333333333334 12.291666666666666 11.125 9.9583333333333339 8.7916666666666661 8.7083333333333339 8.625 8.5416666666666661 8.4583333333333339 8.375 8.2916666666666661 9.2916666666666661 10.291666666666666 11.291666666666666 12.291666666666666 13.291666666666666 14.291666666666666 15.291666666666666 16.291666666666668 17.291666666666668 17.208333333333332 
 24 7 18 19 20 21 22 23 24 25 0 1 2 3 4 5 6 7 8 9 10 11 12 13 14 15 16 17 17.416666666666668 17.333333333333332 16.166666666666668 15 13.833333333333334 12.666666666666666 11.5 10.333333333333334 9.1666666666666661 9.0833333333333339 9 8.9166666666666661 8.8333333333333339 8.75 8.6666666666666661 8.5833333333333339 9.5833333333333339 10.583333333333334 11.583333333333334 12.583333333333334 13.583333333333334 14.583333333333334 15.583333333333334 16.583333333333332 17.583333333333332 17.5 
 25 8 19 20 21 22 23 24 25 0 1 2 3 4 5 6 7 8 9 10 11 12 13 14 15 16 17 18 17.708333333333332 16.541666666666668 15.375 14.208333333333334 13.041666666666666 11.875 10.708333333333334 9.5416666666666661 9.4583333333333339 9.375 9.2916666666666661 9.2083333333333339 9.125 9.0416666666666661 8.9583333333333339 8.875 9.875 10.875 11.875 12.875 13.875 14.875 15.875 16.875 17.875 17.791666666666668 
 26 9 20 21 22 23 24 25 0 1 2 3 4 5 6 7 8 9 10 11 12 13 14 15 16 17 18 19 16.916666666666668 15.75 14.583333333333334 13.416666666666666 12.25 11.083333333333334 9.9166666666666661 9.8333333333333339 9.75 9.6666666666666661 9.5833333333333339 9.5 9.4166666666666661 9.3333333333333339 9.25 9.1666666666666661 10.166666666666666 11.166666666666666 12.166666666666666 13.166666666666666 14.166666666666666 15.166666666666666 16.166666666666668 17.166666666666668 18.166666666666668 18.083333333333332 
 27 10 21 22 23 24 25 MOD($B28+11+H$1,26) 0 1 2 3 4 5 6 7 8 9 10 11 12 13 14 15 16 17 18 19 20 16.125 14.958333333333334 13.791666666666666 12.625 11.458333333333334 10.291666666666666 10.208333333333334 10.125 10.041666666666666 9.9583333333333339 9.875 9.7916666666666661 9.7083333333333339 9.625 9.5416666666666661 9.4583333333333339 10.458333333333334 11.458333333333334 12.458333333333334 13.458333333333334 14.458333333333334 15.458333333333334 16.458333333333332 17.458333333333332 18.458333333333332 17.291666666666668 
 28 11 MOD($B29+11+C$1,26) 22 23 24 25 0 1 2 3 4 5 6 7 8 9 10 11 12 13 14 15 16 17 18 19 20 21 15.708333333333334 14.541666666666666 13.375 12.208333333333334 11.041666666666666 10.958333333333334 10.875 10.791666666666666 10.708333333333334 10.625 10.541666666666666 10.458333333333334 10.375 10.291666666666666 10.208333333333334 9.0416666666666661 10.041666666666666 11.041666666666666 12.041666666666666 13.041666666666666 14.041666666666666 15.041666666666666 16.041666666666668 17.041666666666668 18.041666666666668 16.875 
 29 12 23 24 25 0 1 2 3 4 5 6 7 8 9 10 11 12 13 14 15 16 17 18 19 20 21 22 15.291666666666666 14.125 12.958333333333334 11.791666666666666 11.708333333333334 11.625 11.541666666666666 11.458333333333334 11.375 11.291666666666666 11.208333333333334 11.125 11.041666666666666 10.958333333333334 9.7916666666666661 8.625 9.625 10.625 11.625 12.625 13.625 14.625 15.625 16.625 17.625 16.458333333333332 
 30 13 24 25 0 1 2 3 4 5 6 7 8 9 10 11 12 13 14 15 16 17 18 19 20 21 22 23 14.875 13.708333333333334 12.541666666666666 12.458333333333334 12.375 12.291666666666666 12.208333333333334 12.125 12.041666666666666 11.958333333333334 11.875 11.791666666666666 11.708333333333334 10.541666666666666 9.375 8.2083333333333339 9.2083333333333339 10.208333333333334 11.208333333333334 12.208333333333334 13.208333333333334 14.208333333333334 15.208333333333334 16.208333333333332 17.208333333333332 16.041666666666668 
 31 14 25 0 1 2 3 4 5 6 7 8 9 10 11 12 13 14 15 16 17 18 19 20 21 22 23 24 14.458333333333334 13.291666666666666 13.208333333333334 13.125 13.041666666666666 12.958333333333334 12.875 12.791666666666666 12.708333333333334 12.625 12.541666666666666 12.458333333333334 11.291666666666666 10.125 8.9583333333333339 7.791666666666667 8.7916666666666661 9.7916666666666661 10.791666666666666 11.791666666666666 12.791666666666666 13.791666666666666 14.791666666666666 15.791666666666666 16.791666666666668 15.625 
 32 15 0 1 2 3 4 5 6 7 8 9 10 11 12 13 14 15 16 17 18 19 20 21 22 23 24 25 14.041666666666666 13.958333333333334 13.875 13.791666666666666 13.708333333333334 13.625 13.541666666666666 13.458333333333334 13.375 13.291666666666666 13.208333333333334 12.041666666666666 10.875 9.7083333333333339 8.5416666666666661 7.375 8.375 9.375 10.375 11.375 12.375 13.375 14.375 15.375 16.375 15.208333333333334 
 33 16 1 2 3 4 5 6 7 8 9 10 11 12 13 14 15 16 17 18 19 20 21 22 23 24 25 0 14.708333333333334 14.625 14.541666666666666 14.458333333333334 14.375 14.291666666666666 14.208333333333334 14.125 14.041666666666666 13.958333333333334 12.791666666666666 11.625 10.458333333333334 9.2916666666666661 8.125 6.958333333333333 7.958333333333333 8.9583333333333339 9.9583333333333339 10.958333333333334 11.958333333333334 12.958333333333334 13.958333333333334 14.958333333333334 15.958333333333334 14.791666666666666 
 34 0 11 12 13 14 15 16 17 18 19 20 21 22 23 24 25 0 1 2 3 4 5 6 7 8 9 10 15.375 15.291666666666666 15.208333333333334 15.125 15.041666666666666 14.958333333333334 14.875 14.791666666666666 14.708333333333334 13.541666666666666 12.375 11.208333333333334 10.041666666666666 8.875 7.708333333333333 6.541666666666667 7.541666666666667 8.5416666666666661 9.5416666666666661 10.541666666666666 11.541666666666666 12.541666666666666 13.541666666666666 14.541666666666666 15.541666666666666 15.458333333333334 
 35 1 12 13 14 15 16 17 18 19 20 21 22 23 24 25 0 1 2 3 4 5 6 7 8 9 10 11 15.666666666666666 15.583333333333334 15.5 15.416666666666666 15.333333333333334 15.25 15.166666666666666 15.083333333333334 13.916666666666666 12.75 11.583333333333334 10.416666666666666 9.25 8.0833333333333339 6.916666666666667 6.833333333333333 7.833333333333333 8.8333333333333339 9.8333333333333339 10.833333333333334 11.833333333333334 12.833333333333334 13.833333333333334 14.833333333333334 15.833333333333334 15.75 
 36 2 13 14 15 16 17 18 19 20 21 22 23 24 25 0 1 2 3 4 5 6 7 8 9 10 11 12 15.958333333333334 15.875 15.791666666666666 15.708333333333334 15.625 15.541666666666666 15.458333333333334 14.291666666666666 13.125 11.958333333333334 10.791666666666666 9.625 8.4583333333333339 7.291666666666667 7.208333333333333 7.125 8.125 9.125 10.125 11.125 12.125 13.125 14.125 15.125 16.125 16.041666666666668 
 37 3 14 15 16 17 18 19 20 21 22 23 24 25 0 1 2 3 4 5 6 7 8 9 10 11 12 13 16.25 16.166666666666668 16.083333333333332 16 15.916666666666666 15.833333333333334 14.666666666666666 13.5 12.333333333333334 11.166666666666666 10 8.8333333333333339 7.666666666666667 7.583333333333333 7.5 7.416666666666667 8.4166666666666661 9.4166666666666661 10.416666666666666 11.416666666666666 12.416666666666666 13.416666666666666 14.416666666666666 15.416666666666666 16.416666666666668 16.333333333333332 
 38 4 15 16 17 18 19 20 21 22 23 24 25 0 1 2 3 4 5 6 7 8 9 10 11 12 13 14 16.541666666666668 16.458333333333332 16.375 16.291666666666668 16.208333333333332 15.041666666666666 13.875 12.708333333333334 11.541666666666666 10.375 9.2083333333333339 8.0416666666666661 7.958333333333333 7.875 7.791666666666667 7.708333333333333 8.7083333333333339 9.7083333333333339 10.708333333333334 11.708333333333334 12.708333333333334 13.708333333333334 14.708333333333334 15.708333333333334 16.708333333333332 16.625 
 39 5 16 17 18 19 20 21 22 23 24 25 0 1 2 3 4 5 6 7 8 9 10 11 12 13 14 15 16.833333333333332 16.75 16.666666666666668 16.583333333333332 15.416666666666666 14.25 13.083333333333334 11.916666666666666 10.75 9.5833333333333339 8.4166666666666661 8.3333333333333339 8.25 8.1666666666666661 8.0833333333333339 8 9 10 11 12 13 14 15 16 17 16.916666666666668 
 40 6 17 18 19 20 21 22 23 24 25 0 1 2 3 4 5 6 7 8 9 10 11 12 13 14 15 16 17.125 17.041666666666668 16.958333333333332 15.791666666666666 14.625 13.458333333333334 12.291666666666666 11.125 9.9583333333333339 8.7916666666666661 8.7083333333333339 8.625 8.5416666666666661 8.4583333333333339 8.375 8.2916666666666661 9.2916666666666661 10.291666666666666 11.291666666666666 12.291666666666666 13.291666666666666 14.291666666666666 15.291666666666666 16.291666666666668 17.291666666666668 17.208333333333332 
 41 7 18 19 20 21 22 23 24 25 0 1 2 3 4 5 6 7 8 9 10 11 12 13 14 15 16 17 17.416666666666668 17.333333333333332 16.166666666666668 15 13.833333333333334 12.666666666666666 11.5 10.333333333333334 9.1666666666666661 9.0833333333333339 9 8.9166666666666661 8.8333333333333339 8.75 8.6666666666666661 8.5833333333333339 9.5833333333333339 10.583333333333334 11.583333333333334 12.583333333333334 13.583333333333334 14.583333333333334 15.583333333333334 16.583333333333332 17.583333333333332 17.5 
 42 8 19 20 21 22 23 24 25 0 1 2 3 4 5 6 7 8 9 10 11 12 13 14 15 16 17 18 17.708333333333332 16.541666666666668 15.375 14.208333333333334 13.041666666666666 11.875 10.708333333333334 9.5416666666666661 9.4583333333333339 9.375 9.2916666666666661 9.2083333333333339 9.125 9.0416666666666661 8.9583333333333339 8.875 9.875 10.875 11.875 12.875 13.875 14.875 15.875 16.875 17.875 17.791666666666668 
 43 9 20 21 22 23 24 25 0 1 2 3 4 5 6 7 8 MOD($B44+11+R$1,26) 9 10 11 12 13 14 15 16 17 18 19 16.916666666666668 15.75 14.583333333333334 13.416666666666666 12.25 11.083333333333334 9.9166666666666661 9.8333333333333339 9.75 9.6666666666666661 9.5833333333333339 9.5 9.4166666666666661 9.3333333333333339 9.25 9.1666666666666661 10.166666666666666 11.166666666666666 12.166666666666666 13.166666666666666 14.166666666666666 15.166666666666666 16.166666666666668 17.166666666666668 18.166666666666668 18.083333333333332 
 44 10 MOD($B45+11+C$1,26) 21 22 23 24 25 0 1 2 3 4 5 6 7 8 9 10 11 12 13 14 15 16 17 18 19 20 16.125 14.958333333333334 13.791666666666666 12.625 11.458333333333334 10.291666666666666 10.208333333333334 10.125 10.041666666666666 9.9583333333333339 9.875 9.7916666666666661 9.7083333333333339 9.625 9.5416666666666661 9.4583333333333339 10.458333333333334 11.458333333333334 12.458333333333334 13.458333333333334 14.458333333333334 15.458333333333334 16.458333333333332 17.458333333333332 18.458333333333332 17.291666666666668 
 45 11 22 23 24 25 0 1 2 3 4 5 6 7 8 9 10 11 12 13 14 15 16 17 18 19 20 21 15.708333333333334 14.541666666666666 13.375 12.208333333333334 11.041666666666666 10.958333333333334 10.875 10.791666666666666 10.708333333333334 10.625 10.541666666666666 10.458333333333334 10.375 10.291666666666666 10.208333333333334 9.0416666666666661 10.041666666666666 11.041666666666666 12.041666666666666 13.041666666666666 14.041666666666666 15.041666666666666 16.041666666666668 17.041666666666668 18.041666666666668 16.875 
 46 12 23 24 25 0 1 2 3 4 5 6 7 8 9 10 11 12 13 14 15 16 17 18 19 20 21 22 15.291666666666666 14.125 12.958333333333334 11.791666666666666 11.708333333333334 11.625 11.541666666666666 11.458333333333334 11.375 11.291666666666666 11.208333333333334 11.125 11.041666666666666 10.958333333333334 9.7916666666666661 8.625 9.625 10.625 11.625 12.625 13.625 14.625 15.625 16.625 17.625 16.458333333333332 
 47 13 24 25 0 1 2 3 4 5 6 7 8 9 10 11 12 13 14 15 16 17 18 19 20 21 22 23 14.875 13.708333333333334 12.541666666666666 12.458333333333334 12.375 12.291666666666666 12.208333333333334 12.125 12.041666666666666 11.958333333333334 11.875 11.791666666666666 11.708333333333334 10.541666666666666 9.375 8.2083333333333339 9.2083333333333339 10.208333333333334 11.208333333333334 12.208333333333334 13.208333333333334 14.208333333333334 15.208333333333334 16.208333333333332 17.208333333333332 16.041666666666668 
 48 14 25 0 1 2 3 4 5 6 7 8 9 10 11 12 13 14 15 16 17 18 19 20 21 22 23 24 14.458333333333334 13.291666666666666 13.208333333333334 13.125 13.041666666666666 12.958333333333334 12.875 12.791666666666666 12.708333333333334 12.625 12.541666666666666 12.458333333333334 11.291666666666666 10.125 8.9583333333333339 7.791666666666667 8.7916666666666661 9.7916666666666661 10.791666666666666 11.791666666666666 12.791666666666666 13.791666666666666 14.791666666666666 15.791666666666666 16.791666666666668 15.625 
 49 15 0 1 2 3 4 5 6 7 8 9 10 11 12 13 14 15 16 17 18 19 20 21 22 23 24 25 14.041666666666666 13.958333333333334 13.875 13.791666666666666 13.708333333333334 13.625 13.541666666666666 13.458333333333334 13.375 13.291666666666666 13.208333333333334 12.041666666666666 10.875 9.7083333333333339 8.5416666666666661 7.375 8.375 9.375 10.375 11.375 12.375 13.375 14.375 15.375 16.375 15.208333333333334 
 50 16 1 2 3 4 5 6 7 8 9 10 11 12 13 14 15 16 17 18 19 20 21 22 23 24 25 0 14.708333333333334 14.625 14.541666666666666 14.458333333333334 14.375 14.291666666666666 14.208333333333334 14.125 14.041666666666666 13.958333333333334 12.791666666666666 11.625 10.458333333333334 9.2916666666666661 8.125 6.958333333333333 7.958333333333333 8.9583333333333339 9.9583333333333339 10.958333333333334 11.958333333333334 12.958333333333334 13.958333333333334 14.958333333333334 15.958333333333334 14.791666666666666 
 51 0 11 12 13 14 15 16 17 18 19 20 21 22 23 24 25 0 1 2 3 4 5 6 7 8 9 10 15.375 15.291666666666666 15.208333333333334 15.125 15.041666666666666 14.958333333333334 14.875 14.791666666666666 14.708333333333334 13.541666666666666 12.375 11.208333333333334 10.041666666666666 8.875 7.708333333333333 6.541666666666667 7.541666666666667 8.5416666666666661 9.5416666666666661 10.541666666666666 11.541666666666666 12.541666666666666 13.541666666666666 14.541666666666666 15.541666666666666 15.458333333333334 
 52 1 12 13 14 15 16 17 18 19 20 21 22 23 24 25 0 1 2 3 4 5 6 7 8 9 10 11 15.666666666666666 15.583333333333334 15.5 15.416666666666666 15.333333333333334 15.25 15.166666666666666 15.083333333333334 13.916666666666666 12.75 11.583333333333334 10.416666666666666 9.25 8.0833333333333339 6.916666666666667 6.833333333333333 7.833333333333333 8.8333333333333339 9.8333333333333339 10.833333333333334 11.833333333333334 12.833333333333334 13.833333333333334 14.833333333333334 15.833333333333334 15.75 
 53 2 13 14 15 16 17 18 19 20 21 22 23 24 25 0 1 2 3 4 5 6 7 8 9 10 11 12 15.958333333333334 15.875 15.791666666666666 15.708333333333334 15.625 15.541666666666666 15.458333333333334 14.291666666666666 13.125 11.958333333333334 10.791666666666666 9.625 8.4583333333333339 7.291666666666667 7.208333333333333 7.125 8.125 9.125 10.125 11.125 12.125 13.125 14.125 15.125 16.125 16.041666666666668 
 54 3 14 15 16 17 18 19 20 21 22 23 24 25 0 1 2 3 4 5 6 7 8 9 10 11 12 13 16.25 16.166666666666668 16.083333333333332 16 15.916666666666666 15.833333333333334 14.666666666666666 13.5 12.333333333333334 11.166666666666666 10 8.8333333333333339 7.666666666666667 7.583333333333333 7.5 7.416666666666667 8.4166666666666661 9.4166666666666661 10.416666666666666 11.416666666666666 12.416666666666666 13.416666666666666 14.416666666666666 15.416666666666666 16.416666666666668 16.333333333333332 
 55 4 15 16 17 18 19 20 21 22 23 24 25 0 1 2 3 4 5 6 7 8 9 10 11 12 13 14 16.541666666666668 16.458333333333332 16.375 16.291666666666668 16.208333333333332 15.041666666666666 13.875 12.708333333333334 11.541666666666666 10.375 9.2083333333333339 8.0416666666666661 7.958333333333333 7.875 7.791666666666667 7.708333333333333 8.7083333333333339 9.7083333333333339 10.708333333333334 11.708333333333334 12.708333333333334 13.708333333333334 14.708333333333334 15.708333333333334 16.708333333333332 16.625 
 56 5 16 17 18 19 20 21 22 23 24 25 0 1 2 3 4 5 6 7 8 9 10 11 12 13 14 15 16.833333333333332 16.75 16.666666666666668 16.583333333333332 15.416666666666666 14.25 13.083333333333334 11.916666666666666 10.75 9.5833333333333339 8.4166666666666661 8.3333333333333339 8.25 8.1666666666666661 8.0833333333333339 8 9 10 11 12 13 14 15 16 17 16.916666666666668 
 57 6 17 18 19 20 21 22 23 24 25 0 1 2 3 4 5 6 7 8 9 10 11 12 13 14 15 16 17.125 17.041666666666668 16.958333333333332 15.791666666666666 14.625 13.458333333333334 12.291666666666666 11.125 9.9583333333333339 8.7916666666666661 8.7083333333333339 8.625 8.5416666666666661 8.4583333333333339 8.375 8.2916666666666661 9.2916666666666661 10.291666666666666 11.291666666666666 12.291666666666666 13.291666666666666 14.291666666666666 15.291666666666666 16.291666666666668 17.291666666666668 17.208333333333332 
 58 7 18 19 20 21 22 23 24 25 0 1 2 3 4 5 6 7 8 9 10 11 12 13 14 15 16 17 17.416666666666668 17.333333333333332 16.166666666666668 15 13.833333333333334 12.666666666666666 11.5 10.333333333333334 9.1666666666666661 9.0833333333333339 9 8.9166666666666661 8.8333333333333339 8.75 8.6666666666666661 8.5833333333333339 9.5833333333333339 10.583333333333334 11.583333333333334 12.583333333333334 13.583333333333334 14.583333333333334 15.583333333333334 16.583333333333332 17.583333333333332 17.5 
 59 8 19 20 21 22 23 24 25 0 1 2 3 4 5 6 7 MOD($B60+11+R$1,26) 8 9 10 11 12 13 14 15 16 17 18 17.708333333333332 16.541666666666668 15.375 14.208333333333334 13.041666666666666 11.875 10.708333333333334 9.5416666666666661 9.4583333333333339 9.375 9.2916666666666661 9.2083333333333339 9.125 9.0416666666666661 8.9583333333333339 8.875 9.875 10.875 11.875 12.875 13.875 14.875 15.875 16.875 17.875 17.791666666666668 
 60 9 MOD($B61+11+C$1,26) 20 21 22 23 24 25 0 1 2 3 4 5 6 7 8 9 10 11 12 13 14 15 16 17 18 19 16.916666666666668 15.75 14.583333333333334 13.416666666666666 12.25 11.083333333333334 9.9166666666666661 9.8333333333333339 9.75 9.6666666666666661 9.5833333333333339 9.5 9.4166666666666661 9.3333333333333339 9.25 9.1666666666666661 10.166666666666666 11.166666666666666 12.166666666666666 13.166666666666666 14.166666666666666 15.166666666666666 16.166666666666668 17.166666666666668 18.166666666666668 18.083333333333332 
 61 10 21 22 23 24 25 0 1 2 3 4 5 6 7 8 9 10 11 12 13 14 15 16 17 18 19 20 16.125 14.958333333333334 13.791666666666666 12.625 11.458333333333334 10.291666666666666 10.208333333333334 10.125 10.041666666666666 9.9583333333333339 9.875 9.7916666666666661 9.7083333333333339 9.625 9.5416666666666661 9.4583333333333339 10.458333333333334 11.458333333333334 12.458333333333334 13.458333333333334 14.458333333333334 15.458333333333334 16.458333333333332 17.458333333333332 18.458333333333332 17.291666666666668 
 62 11 22 23 24 25 0 1 2 3 4 5 6 7 8 9 10 11 12 13 14 15 16 17 18 19 20 21 15.708333333333334 14.541666666666666 13.375 12.208333333333334 11.041666666666666 10.958333333333334 10.875 10.791666666666666 10.708333333333334 10.625 10.541666666666666 10.458333333333334 10.375 10.291666666666666 10.208333333333334 9.0416666666666661 10.041666666666666 11.041666666666666 12.041666666666666 13.041666666666666 14.041666666666666 15.041666666666666 16.041666666666668 17.041666666666668 18.041666666666668 16.875 
 63 12 23 24 25 0 1 2 3 4 5 6 7 8 9 10 11 12 13 14 15 16 17 18 19 20 21 22 15.291666666666666 14.125 12.958333333333334 11.791666666666666 11.708333333333334 11.625 11.541666666666666 11.458333333333334 11.375 11.291666666666666 11.208333333333334 11.125 11.041666666666666 10.958333333333334 9.7916666666666661 8.625 9.625 10.625 11.625 12.625 13.625 14.625 15.625 16.625 17.625 16.458333333333332 
 64 13 24 25 0 1 2 3 4 5 6 7 8 9 10 11 12 13 14 15 16 17 18 19 20 21 22 23 14.875 13.708333333333334 12.541666666666666 12.458333333333334 12.375 12.291666666666666 12.208333333333334 12.125 12.041666666666666 11.958333333333334 11.875 11.791666666666666 11.708333333333334 10.541666666666666 9.375 8.2083333333333339 9.2083333333333339 10.208333333333334 11.208333333333334 12.208333333333334 13.208333333333334 14.208333333333334 15.208333333333334 16.208333333333332 17.208333333333332 16.041666666666668 
 65 14 25 0 1 2 3 4 5 6 7 8 9 10 11 12 13 14 15 16 17 18 19 20 21 22 23 24 14.458333333333334 13.291666666666666 13.208333333333334 13.125 13.041666666666666 12.958333333333334 12.875 12.791666666666666 12.708333333333334 12.625 12.541666666666666 12.458333333333334 11.291666666666666 10.125 8.9583333333333339 7.791666666666667 8.7916666666666661 9.7916666666666661 10.791666666666666 11.791666666666666 12.791666666666666 13.791666666666666 14.791666666666666 15.791666666666666 16.791666666666668 15.625 
 66 MOD(A67,$B$1) 15 0 1 2 3 4 5 6 7 8 9 10 11 12 13 14 15 16 17 18 19 20 21 22 23 24 25 AVERAGE(C67:C90) 14.041666666666666 AVERAGE(D67:D90) 13.958333333333334 AVERAGE(E67:E90) 13.875 AVERAGE(F67:F90) 13.791666666666666 AVERAGE(G67:G90) 13.708333333333334 AVERAGE(H67:H90) 13.625 AVERAGE(I67:I90) 13.541666666666666 AVERAGE(J67:J90) 13.458333333333334 AVERAGE(K67:K90) 13.375 AVERAGE(L67:L90) 13.291666666666666 AVERAGE(M67:M90) 13.208333333333334 AVERAGE(N67:N90) 12.041666666666666 AVERAGE(O67:O90) 10.875 AVERAGE(P67:P90) 9.7083333333333339 AVERAGE(Q67:Q90) 8.5416666666666661 AVERAGE(R67:R90) 7.375 AVERAGE(S67:S90) 8.375 AVERAGE(T67:T90) 9.375 AVERAGE(U67:U90) 10.375 AVERAGE(V67:V90) 11.375 AVERAGE(W67:W90) 12.375 AVERAGE(X67:X90) 13.375 AVERAGE(Y67:Y90) 14.375 AVERAGE(Z67:Z90) 15.375 AVERAGE(AA67:AA90) 16.375 AVERAGE(AB67:AB90) 15.208333333333334 
 1+A67 67 16 1 2 3 4 5 6 7 8 9 10 11 12 13 14 15 16 17 18 19 20 21 22 23 24 25 0 14.708333333333334 14.625 14.541666666666666 14.458333333333334 14.375 14.291666666666666 14.208333333333334 14.125 14.041666666666666 13.958333333333334 12.791666666666666 11.625 10.458333333333334 9.2916666666666661 8.125 6.958333333333333 7.958333333333333 8.9583333333333339 9.9583333333333339 10.958333333333334 11.958333333333334 12.958333333333334 13.958333333333334 14.958333333333334 15.958333333333334 14.791666666666666 
 68 0 11 12 13 14 15 16 17 18 19 20 21 22 23 24 25 0 1 2 3 4 5 6 7 8 9 10 15.375 15.291666666666666 15.208333333333334 15.125 15.041666666666666 14.958333333333334 14.875 14.791666666666666 14.708333333333334 13.541666666666666 12.375 11.208333333333334 10.041666666666666 8.875 7.708333333333333 6.541666666666667 7.541666666666667 8.5416666666666661 9.5416666666666661 10.541666666666666 11.541666666666666 12.541666666666666 13.541666666666666 14.541666666666666 15.541666666666666 15.458333333333334 
 69 1 12 13 14 15 16 17 18 19 20 21 22 23 24 25 0 1 2 3 4 5 6 7 8 9 10 11 15.666666666666666 15.583333333333334 15.5 15.416666666666666 15.333333333333334 15.25 15.166666666666666 15.083333333333334 13.916666666666666 12.75 11.583333333333334 10.416666666666666 9.25 8.0833333333333339 6.916666666666667 6.833333333333333 7.833333333333333 8.8333333333333339 9.8333333333333339 10.833333333333334 11.833333333333334 12.833333333333334 13.833333333333334 14.833333333333334 15.833333333333334 15.75 
 70 2 13 14 15 16 17 18 19 20 21 22 23 24 25 0 1 2 3 4 5 6 7 8 9 10 11 12 15.958333333333334 15.875 15.791666666666666 15.708333333333334 15.625 15.541666666666666 15.458333333333334 14.291666666666666 13.125 11.958333333333334 10.791666666666666 9.625 8.4583333333333339 7.291666666666667 7.208333333333333 7.125 8.125 9.125 10.125 11.125 12.125 13.125 14.125 15.125 16.125 16.041666666666668 
 71 3 14 15 16 17 18 19 20 21 22 23 24 25 0 1 2 3 4 5 6 7 8 9 10 11 12 13 16.25 16.166666666666668 16.083333333333332 16 15.916666666666666 15.833333333333334 14.666666666666666 13.5 12.333333333333334 11.166666666666666 10 8.8333333333333339 7.666666666666667 7.583333333333333 7.5 7.416666666666667 8.4166666666666661 9.4166666666666661 10.416666666666666 11.416666666666666 12.416666666666666 13.416666666666666 14.416666666666666 15.416666666666666 16.416666666666668 16.333333333333332 
 72 4 15 16 17 18 19 20 21 22 23 24 25 0 1 2 3 4 5 6 7 8 9 10 11 12 13 14 16.541666666666668 16.458333333333332 16.375 16.291666666666668 16.208333333333332 15.041666666666666 13.875 12.708333333333334 11.541666666666666 10.375 9.2083333333333339 8.0416666666666661 7.958333333333333 7.875 7.791666666666667 7.708333333333333 8.7083333333333339 9.7083333333333339 10.708333333333334 11.708333333333334 12.708333333333334 13.708333333333334 14.708333333333334 15.708333333333334 16.708333333333332 16.625 
 73 5 16 17 18 19 20 21 22 23 24 25 0 1 2 3 4 5 6 7 8 9 10 11 12 13 14 15 16.833333333333332 16.75 16.666666666666668 16.583333333333332 15.416666666666666 14.25 13.083333333333334 11.916666666666666 10.75 9.5833333333333339 8.4166666666666661 8.3333333333333339 8.25 8.1666666666666661 8.0833333333333339 8 9 10 11 12 13 14 15 16 17 16.916666666666668 
 74 6 17 18 19 20 21 22 23 24 25 0 1 2 3 4 5 6 7 8 9 10 11 12 13 14 15 16 17.125 17.041666666666668 16.958333333333332 15.791666666666666 14.625 13.458333333333334 12.291666666666666 11.125 9.9583333333333339 8.7916666666666661 8.7083333333333339 8.625 8.5416666666666661 8.4583333333333339 8.375 8.2916666666666661 9.2916666666666661 10.291666666666666 11.291666666666666 12.291666666666666 13.291666666666666 14.291666666666666 15.291666666666666 16.291666666666668 17.291666666666668 17.208333333333332 
 75 7 18 19 20 21 22 23 24 25 0 1 2 3 4 5 6 MOD($B76+11+R$1,26) 7 8 9 10 11 12 13 14 15 16 17 17.416666666666668 17.333333333333332 16.166666666666668 15 13.833333333333334 12.666666666666666 11.5 10.333333333333334 9.1666666666666661 9.0833333333333339 9 8.9166666666666661 8.8333333333333339 8.75 8.6666666666666661 8.5833333333333339 9.5833333333333339 10.583333333333334 11.583333333333334 12.583333333333334 13.583333333333334 14.583333333333334 15.583333333333334 16.583333333333332 17.583333333333332 17.5 
 76 8 MOD($B77+11+C$1,26) 19 20 21 22 23 24 25 0 1 2 3 4 5 6 7 8 9 10 11 12 13 14 15 16 17 18 17.708333333333332 16.541666666666668 15.375 14.208333333333334 13.041666666666666 11.875 10.708333333333334 9.5416666666666661 9.4583333333333339 9.375 9.2916666666666661 9.2083333333333339 9.125 9.0416666666666661 8.9583333333333339 8.875 9.875 10.875 11.875 12.875 13.875 14.875 15.875 16.875 17.875 17.791666666666668 
 77 9 20 21 22 23 24 25 0 1 2 3 4 5 6 7 8 9 10 11 12 13 14 15 16 17 18 19 
 78 10 21 22 23 24 25 0 1 2 3 4 5 6 7 8 9 10 11 12 13 14 15 16 17 18 19 20 
 79 11 22 23 24 25 0 1 2 3 4 5 6 7 8 9 10 11 12 13 14 15 16 17 18 19 20 21 
 80 12 23 24 25 0 1 2 3 4 5 6 7 8 9 10 11 12 13 14 15 16 17 18 19 20 21 22 
 81 13 24 25 0 1 2 3 4 5 6 7 8 9 10 11 12 13 14 15 16 17 18 19 20 21 22 23 CHAR(65+17) R 
 82 14 25 0 1 2 3 4 5 6 7 8 9 10 11 12 13 14 15 16 17 18 19 20 21 22 23 24 
 83 15 0 1 2 3 4 5 6 7 8 9 10 11 12 13 14 15 16 17 18 19 20 21 22 23 24 25 
 84 16 1 2 3 4 5 6 7 8 9 10 11 12 13 14 15 16 17 18 19 20 21 22 23 24 25 0 
 85 0 11 12 13 14 15 16 17 18 19 20 21 22 23 24 25 0 1 2 3 4 5 6 7 8 9 10 
 86 1 12 13 14 15 16 17 18 19 20 21 22 23 24 25 0 1 2 3 4 5 6 7 8 9 10 11 
 87 2 13 14 15 16 17 18 19 20 21 22 23 24 25 0 1 2 3 4 5 6 7 8 9 10 11 12 
 88 3 14 15 16 17 18 19 20 21 22 23 24 25 0 1 2 3 4 5 6 7 8 9 10 11 12 13 
 89 4 15 16 17 18 19 20 21 22 23 24 25 0 1 2 3 4 5 6 7 8 9 10 11 12 13 14 
 90 5 16 17 18 19 20 21 22 23 24 25 0 1 2 3 4 5 6 7 8 9 10 11 12 13 14 15 
 91 6 17 18 19 20 21 22 23 24 25 0 1 2 3 4 5 MOD($B92+11+R$1,26) 6 7 8 9 10 11 12 13 14 15 16 
 92 7 MOD($B93+11+C$1,26) 18 19 20 21 22 23 24 25 0 1 2 3 4 5 6 7 8 9 10 11 12 13 14 15 16 17 
 93 8 19 20 21 22 23 24 25 0 1 2 3 4 5 6 7 8 9 10 11 12 13 14 15 16 17 18 
 94 9 20 21 22 23 24 25 0 1 2 3 4 5 6 7 8 9 10 11 12 13 14 15 16 17 18 19 
 95 10 21 22 23 24 25 0 1 2 3 4 5 6 7 8 9 10 11 12 13 14 15 16 17 18 19 20 
 96 11 22 23 24 25 0 1 2 3 4 5 6 7 8 9 10 11 12 13 14 15 16 17 18 19 20 21 
 97 12 23 24 25 0 1 2 3 4 5 6 7 8 9 10 11 12 13 14 15 16 17 18 19 20 21 22 
 98 13 24 25 0 1 2 3 4 5 6 7 8 9 10 11 12 13 14 15 16 17 18 19 20 21 22 23 
 99 14 25 0 1 2 3 4 5 6 7 8 9 10 11 12 13 14 15 16 17 18 19 20 21 22 23 24 
 
## xl/worksheets/sheet2.xml
 
 1 2 3 4 19 17 32 34 35 
 1 1 5 14 $E$1 19 MOD(B2-1,$F$1)+1 1 MOD(D2-E2-F2,26) 20 CHAR(G2+65) U AVERAGE(G2:G25) 12.916666666666666 AVERAGE(G54:G77) 13.333333333333334 ABS(I2-J2) 0.41666666666666785 CHAR(E2+65) T 
 2 2 6 1 19 MOD(B3-1,$F$1)+1 2 MOD(D3-E3-F3,26) 6 CHAR(G3+65) G AVERAGE(G3:G26) 12.916666666666666 AVERAGE(G55:G78) 13.166666666666666 ABS(I3-J3) 0.25 
 3 3 7 10 19 3 14 O 13.25 12.75 0.5 
 4 4 8 17 19 4 20 U 13.208333333333334 12.166666666666666 1.0416666666666679 
 1 5 9 20 19 5 22 W 12.833333333333334 11.833333333333334 1 
 2 6 5 14 19 6 15 P 12.416666666666666 11.75 0.66666666666666607 
 3 7 10 23 19 7 23 X 12.083333333333334 12.291666666666666 0.20833333333333215 
 4 8 5 14 19 8 13 N 12.166666666666666 12.458333333333334 0.29166666666666785 
 5 9 11 6 19 9 4 E 11.708333333333334 11.458333333333334 0.25 
 6 10 12 7 19 10 4 E 11.916666666666666 11.416666666666666 0.5 
 7 11 9 20 19 11 16 Q 12.083333333333334 12 8.3333333333333925E-2 
 8 12 13 11 19 12 6 G 12.25 12.208333333333334 4.1666666666666075E-2 
 9 13 6 1 19 13 21 V 13 12.666666666666666 0.33333333333333393 
 10 14 14 18 19 14 11 L 12.125 12.375 0.25 
 11 15 5 14 19 15 6 G 12.583333333333334 13.083333333333334 0.5 
 12 16 13 11 19 16 2 C 13.083333333333334 12.791666666666666 0.29166666666666785 
 13 17 15 8 19 17 24 Y 13.791666666666666 13.416666666666666 0.375 
 14 18 16 5 19 1 11 L 13.166666666666666 12.958333333333334 0.20833333333333215 
 15 19 6 1 19 2 6 G 13.333333333333334 12.708333333333334 0.625 
 16 20 6 1 19 3 5 F 13.75 11.791666666666666 1.9583333333333339 
 17 21 17 22 19 4 25 Z 14.166666666666666 11.416666666666666 2.75 
 18 22 16 5 19 5 7 H 13.125 12.333333333333334 0.79166666666666607 
 19 23 13 11 19 6 12 M 13.041666666666666 12.916666666666666 0.125 
 20 24 8 17 19 7 17 R 13.333333333333334 12.708333333333334 0.625 
 21 25 18 21 19 8 20 U 13.375 12.791666666666666 0.58333333333333393 
 22 26 19 16 19 9 14 O 13.125 12.833333333333334 0.29166666666666607 
 23 27 19 16 19 10 13 N 13.25 13 0.25 
 24 28 20 15 19 11 11 L AVERAGE(K2:K28) 0.56327160493827166 
 25 29 8 17 19 12 12 M IF(K29<0.35,1,0) 0 
 26 30 21 13 19 13 7 H 
 27 31 11 6 19 14 25 Z 
 28 32 7 10 19 15 2 C 
 29 33 14 18 19 16 9 J 
 30 34 14 18 19 17 8 I 
 31 35 5 14 19 1 20 U 
 1 36 22 19 19 2 24 Y 
 2 37 17 22 19 3 0 A 
 3 38 22 19 19 4 22 W 
 4 39 19 16 19 5 18 S 
 5 40 14 18 19 6 19 T 
 6 41 23 9 19 7 9 J 
 7 42 19 16 19 8 15 P 
 8 43 14 18 19 9 16 Q 
 9 44 14 18 19 10 15 P 
 10 45 24 4 19 11 0 A 
 11 46 7 10 19 12 5 F 
 12 47 25 25 19 13 19 T 
 13 48 25 25 19 14 18 S 
 14 49 17 22 19 15 14 O 
 15 50 26 0 19 16 17 R 
 1 2 3 4 31 36 33 
 16 51 22 19 $E$1 19 MOD(B54-1-50,$F$1)+1 1 MOD(D54-E54-F54,26) 25 CHAR(G54+65) Z 
 17 52 23 9 $E$1 19 MOD(B55-1-50,$F$1)+1 2 MOD(D55-E55-F55,26) 14 CHAR(G55+65) O 
 18 53 7 10 19 3 14 O 
 19 54 13 11 19 4 14 O 
 20 55 9 20 19 5 22 W 
 21 56 27 3 19 6 4 E 
 22 57 15 8 19 7 8 I 
 23 58 26 0 19 8 25 Z 
 24 59 17 22 19 9 20 U 
 25 60 15 8 19 10 5 F 
 26 61 21 13 19 11 9 J 
 27 62 16 5 19 12 0 A 
 28 63 6 1 19 13 21 V 
 29 64 21 13 19 14 6 G 
 30 65 28 24 19 15 16 Q 
 31 66 20 15 19 16 6 G 
 1 67 18 21 19 17 11 L 
 2 68 22 19 19 1 25 Z 
 3 69 22 19 19 2 24 Y 
 4 70 29 12 19 3 16 Q 
 5 71 25 25 19 4 2 C 
 6 72 16 5 19 5 7 H 
 7 73 20 15 19 6 16 Q 
 8 74 7 10 19 7 10 K 
 9 75 17 22 19 8 21 V 
 10 76 11 6 19 9 4 E 
 11 77 27 3 19 10 0 A 
 12 78 7 10 19 11 6 G 
 13 79 25 25 19 12 20 U 
 14 80 10 23 19 13 17 R 
 15 81 22 19 19 14 12 M 
 16 82 23 9 19 15 1 B 
 17 83 30 2 19 16 19 T 
 18 84 27 3 19 17 19 T 
 19 85 15 8 19 1 14 O 
 20 86 11 6 19 2 11 L 
 21 87 7 10 19 3 14 O 
 22 88 9 20 19 4 23 X 
 23 89 12 7 19 5 9 J 
 24 90 9 20 19 6 21 V 
 25 91 26 0 19 7 0 A 
 26 92 9 20 19 8 19 T 
 27 93 24 4 19 9 2 C 
 28 94 7 10 19 10 7 H 
 29 95 30 2 19 11 24 Y 
 30 96 26 0 19 12 21 V 
 31 97 8 17 19 13 11 L 
 10 98 22 19 19 14 12 M 
 10 99 24 4 19 15 22 W 
 10 100 8 17 19 16 8 I 
 