350 configurations (p, φ) × 25 pas, 101086 alphabets, 21 chiffrés
erreurs minimales par période (au-delà de CUT = 5 : non calculé, affiché 99) (K4 puis témoins) :
   p :  2  3  4  5  6  7  8  9 10 11 12 13 14 15 16 17 18 19 20 21 22 23 24 25 26
  K4: 12 12 11 10  8  8  8  7  6  6  5  5  4  3  2  2  2  3  5  4  3  2  1  0  0
  t : 13 11 11 10 10  9  9 99  7  6  5  5  5  3  3  2  2  3  5  5  3  2  0  0  0
  t : 11 12 11 10 10  9  8 99  7 99  5  4  5  3  2  1  2  3  4  5  3  1  0  0  0
  t : 13 12 11  9 10  8  8 99  7  6  5  4  5  3  2  2  2  2  5  5  3  2  0  0  0
  t : 13 12 10 11 10  9  7 99  8  6  5  5  4  3  2  2  2  3  5  4  3  2  1  0  0
  t : 12 12 11 10  9  9  9 99  7  5  6  5  5  3  2  1  2  4  4  5  3  1  1  0  0
  t : 13 12 11 10 10  9  8  8  7  6  6  5  5  3  2  2  2  4  4  5  4  2  0  0  0
  t : 13 12 11 10 10 99  9  7  7  6  5  5  5  3  3  2  2  4  5  5  3  2  0  0  0
  t : 12 11 11 11  9  9  8  7  7  7  6  3  4  3  2  1  1  3  5  4  3  2  1  0  0
  t : 13 12 10 10  9  9  8 99  7  6  6  5  5  2  2  2  2  3  4  5  4  2  1  0  0
  t : 12 11 11 10 10  9  8 99  7  6  5  5  5  2  2  1  2  3  5  5  3  2  1  0  0
  t : 14 12 11 10 11  8  9  8  6  5  5  5  5  3  2  2  2  3  4  5  3  2  0  0  0
  t : 13 12 11 11  9 99  9 99  6 99  5  4  4  4  2  1  2  3  5  4  3  2  0  0  0
  t : 13 12 12 10 10  9  8  7  8  6  5  5  5  3  2  2  2  3  5  5  3  2  1  0  0
  t : 13 12 10 11  9  8  8  8  6  6  6  5  5  3  2  1  2  3  5  5  3  2  0  0  0
  t : 13 12 11 11 10 99  9 99  8  5  5  5  5  3  2  1  1  3  5  5  3  2  0  0  0
  t : 13 12 11 10 10  9  8 99  7  6  5  4  4  3  2  2  2  3  4  5  3  2  0  0  0
  t : 13 11 11  9  8  9  7 99  7  7  5  4  4  2  2  2  2  3  4  5  3  2  0  0  0
  t : 12 12 10 10 10  8  7 99  7  6  6  4  5  4  3  2  2  3  5  5  3  2  0  0  0
  t : 13 12 11 11 10 99  9  7  7  6  6  4  3  3  2  2  2  3  5  5  3  1  1  0  0
  t : 12 10 11 10 10 10  7 99  7  5  5  5  4  3  2  2  2  4  5  4  3  2  0  0  0
