## xl/sharedStrings.xml
 
 A B C D E F G H I J K C letters L M N O P Q R T U S V W X Y Z Sequence No--> 
## xl/worksheets/sheet1.xml
 
 1 B1+1 2 C1+1 3 4 5 6 7 8 9 10 11 12 13 14 15 16 17 18 19 20 21 22 23 24 25 26 27 28 29 30 31 32 33 34 35 36 37 38 39 40 41 42 43 44 45 46 47 48 49 50 51 52 53 54 55 56 57 58 59 60 61 62 63 64 65 66 BO1+1 67 68 69 70 71 72 73 74 75 76 77 78 79 80 81 82 83 84 85 86 87 88 89 90 91 92 93 94 95 96 97 98 99 100 101 
 28 
 11 
 0 0 0 0 0 0 
 1 1 1 1 1 1 
 2 2 2 
 3 3 3 3 
 4 4 4 
 5 5 5 5 5 
 6 6 6 6 6 
 7 7 7 
 8 8 8 8 8 
 9 9 9 9 
 10 10 10 10 10 10 10 10 10 
 12 12 12 12 12 
 13 13 
 14 14 14 14 
 15 15 21 15 15 15 15 
 16 16 16 16 
 17 17 17 17 17 
 18 18 18 18 18 
 22 22 22 22 22 22 22 
 19 19 19 19 19 19 19 
 20 20 20 20 20 20 20 
 23 23 23 
 24 24 24 24 24 24 
 25 25 
 26 21 26 
 27 27 27 27 27 
 
 
 
 
 
## xl/worksheets/sheet2.xml
 
 1 B1+1 2 C1+1 3 4 5 6 7 8 9 10 11 12 13 14 15 16 17 18 19 20 21 22 23 24 25 26 27 28 29 30 31 32 33 34 35 36 37 38 39 40 41 42 43 44 45 46 47 48 49 50 51 52 53 54 55 56 57 58 59 60 61 62 63 64 65 66 BO1+1 67 68 69 70 71 72 73 74 75 76 77 78 79 80 81 82 83 84 85 86 87 88 89 90 91 92 93 94 95 96 97 98 99 100 101 
 28 
 11 
 0 0 0 0 0 0 
 1 1 1 1 1 1 
 2 2 2 
 3 3 3 3 
 4 4 4 
 5 5 5 5 5 
 6 6 6 6 6 
 7 7 7 
 8 8 8 8 8 
 9 9 9 9 
 10 10 10 10 10 10 10 10 10 
 12 12 12 12 12 
 13 13 
 14 14 14 14 
 15 15 21 15 15 15 15 
 16 16 16 16 
 17 17 17 17 17 
 18 18 18 18 18 
 22 22 22 22 22 22 22 
 19 19 19 19 19 19 19 
 20 20 20 20 20 20 20 
 23 23 23 
 24 24 24 24 24 24 
 25 25 
 26 21 26 
 27 27 27 27 27 
 
 
 
 
 
## xl/worksheets/sheet3.xml
 
 
## xl/worksheets/sheet4.xml
 
 1 B1+1 2 3 4 5 6 7 8 9 10 11 12 13 14 15 16 17 18 19 20 21 22 23 24 25 26 27 28 29 30 31 32 33 AH1+1 34 35 36 37 38 39 40 41 42 43 44 45 46 47 48 49 50 51 52 53 54 55 56 57 58 59 60 61 62 63 64 65 BN1+1 66 67 68 69 70 71 72 73 74 75 76 77 78 79 80 81 82 83 84 85 86 87 88 89 90 91 92 93 94 95 96 97 98 99 100 101 
 28 
 11 
 0 0 0 0 0 0 
 1 1 
 2 2 2 
 3 3 3 3 
 4 4 4 
 5 5 5 
 6 6 6 6 
 7 7 
 8 8 8 8 
 9 9 9 9 
 10 10 10 10 10 10 10 10 
 12 12 
 13 13 
 14 14 14 14 
 15 15 
 16 16 16 16 
 17 17 17 17 17 
 18 18 18 
 22 22 22 22 22 22 
 19 19 19 19 19 19 19 
 20 20 20 20 20 
 23 23 
 24 24 24 24 24 
 25 
 26 21 26 
 27 27 27 27 27 
 
 
 
 
 
## xl/worksheets/sheet5.xml
 
 