## xl/sharedStrings.xml
 
 PCV M Y P R S H G D U Z I B T C X J L E V A O K F W Q N N KRYPTOS tedbky berlin GA 38° 57' 6.5"N, 77° 8' 44"W PT and ceasar HACKER CT KEY be horny + i lov yu + f = femme seek yout IT = ED Scheidt? ED; ED lov DIHY need a O to end Horny tidy = ordonate - 33 colonnes 
## xl/worksheets/sheet1.xml
 
 39 
 38 
 37 36 
 30 26 31 4 3 24 83 37 25 
 35 8 6 4 3 14 18 5 20 4 14 18 5 20 4 19 11 4 7 11 26 11 20 3 18 4 23 18 14 13 8 11 20 17 13 6 11 4 13 5 20 23 18 10 24 18 11 8 4 18 11 14 17 21 14 22 21 23 18 1 1 18 13 6 20 7 9 13 18 10 7 18 21 4 7 26 18 8 14 24 18 22 2 16 11 7 5 20 24 13 4 20 26 5 11 13 11 21 26 
 34 21 12 22 4 9 21 15 21 7 6 9 17 12 5 21 17 11 23 12 12 24 23 17 4 19 25 25 3 4 26 7 22 5 5 21 13 24 13 25 5 16 25 5 5 18 22 10 10 24 20 13 16 22 17 9 8 11 20 24 11 26 23 12 26 2 3 19 13 13 1 10 23 3 22 24 7 8 22 10 15 13 16 14 8 11 7 22 9 6 9 20 9 18 22 14 20 4 33 
 1 32 14 12 16 1 13 12 7 23 24 1 4 10 11 3 22 17 2 17 20 19 3 1 14 15 23 3 25 12 11 25 23 20 19 26 2 24 7 17 14 7 17 25 6 22 6 5 24 11 13 10 14 23 1 3 17 24 22 8 17 8 3 13 12 13 24 16 8 20 23 1 19 2 1 9 22 16 6 2 8 9 9 5 20 14 16 19 20 10 19 18 6 11 13 5 25 10 26 
 2 8 14 22 26 9 14 6 7 15 26 5 20 16 25 17 1 10 1 12 24 25 26 8 2 7 25 4 14 16 4 7 12 24 21 10 15 6 1 8 6 1 4 11 17 11 13 15 16 9 20 8 7 26 25 1 15 17 18 1 18 25 9 14 9 15 22 18 12 7 26 24 10 26 19 17 22 11 10 18 19 19 13 12 8 22 24 12 20 24 23 11 16 9 13 4 20 21 
 3 18 8 17 21 19 8 11 6 2 21 13 12 22 4 1 26 20 26 14 15 4 21 18 10 6 4 5 8 22 5 6 14 15 3 20 2 11 26 18 11 26 5 16 1 16 9 2 22 19 12 18 6 21 4 26 2 1 23 26 23 4 19 8 19 2 17 23 14 6 21 15 20 21 24 1 17 16 20 23 24 24 9 14 18 17 15 14 12 15 7 16 22 19 9 5 12 3 
 4 23 18 1 3 24 18 16 11 10 3 9 14 17 5 26 21 12 21 8 2 5 3 23 20 11 5 13 18 17 13 11 8 2 25 12 10 16 21 23 16 21 13 22 26 22 19 10 17 24 14 23 11 3 5 21 10 26 7 21 7 5 24 18 24 10 1 7 8 11 3 2 12 3 15 26 1 22 12 7 15 15 19 8 23 1 2 8 14 2 6 22 17 24 19 13 14 25 
 5 7 23 26 25 15 23 22 16 20 25 19 8 1 13 21 3 14 3 18 10 13 25 7 12 16 13 9 23 1 9 16 18 10 4 14 20 22 3 7 22 3 9 17 21 17 24 20 1 15 8 7 16 25 13 3 20 21 6 3 6 13 15 23 15 20 26 6 18 16 25 10 14 25 2 21 26 17 14 6 2 2 24 18 7 26 10 18 8 10 11 17 1 15 24 9 8 4 
 6 6 7 21 4 2 7 17 22 12 4 24 18 26 9 3 25 8 25 23 20 9 4 6 14 22 9 19 7 26 19 22 23 20 5 8 12 17 25 6 17 25 19 1 3 1 15 12 26 2 18 6 22 4 9 25 12 3 11 25 11 9 2 7 2 12 21 11 23 22 4 20 8 4 10 3 21 1 8 11 10 10 15 23 6 21 20 23 18 20 16 1 26 2 15 19 18 5 
 7 11 6 3 5 10 6 1 17 14 5 15 23 21 19 25 4 18 4 7 12 19 5 11 8 17 19 24 6 21 24 17 7 12 13 18 14 1 4 11 1 4 24 26 25 26 2 14 21 10 23 11 17 5 19 4 14 25 16 4 16 19 10 6 10 14 3 16 7 17 5 12 18 5 20 25 3 26 18 16 20 20 2 7 11 3 12 7 23 12 22 26 21 10 2 24 23 13 
 8 16 11 25 13 20 11 26 1 8 13 2 7 3 24 4 5 23 5 6 14 24 13 16 18 1 24 15 11 3 15 1 6 14 9 23 8 26 5 16 26 5 15 21 4 21 10 8 3 20 7 16 1 13 24 5 8 4 22 5 22 24 20 11 20 8 25 22 6 1 13 14 23 13 12 4 25 21 23 22 12 12 10 6 16 25 14 6 7 14 17 21 3 20 10 15 7 9 
 9 22 16 4 9 12 16 21 26 18 9 10 6 25 15 5 13 7 13 11 8 15 9 22 23 26 15 2 16 25 2 26 11 8 19 7 18 21 13 22 21 13 2 3 5 3 20 18 25 12 6 22 26 9 15 13 18 5 17 13 17 15 12 16 12 18 4 17 11 26 9 8 7 9 14 5 4 3 7 17 14 14 20 11 22 4 8 11 6 8 1 3 25 12 20 2 6 19 
 10 17 22 5 19 14 22 3 21 23 19 20 11 4 2 13 9 6 9 16 18 2 19 17 7 21 2 10 22 4 10 21 16 18 24 6 23 3 9 17 3 9 10 25 13 25 12 23 4 14 11 17 21 19 2 9 23 13 1 9 1 2 14 22 14 23 5 1 16 21 19 18 6 19 8 13 5 25 6 1 8 8 12 16 17 5 18 16 11 18 26 25 4 14 12 10 11 24 28 
 11 1 17 13 24 8 17 25 3 7 24 12 16 5 10 9 19 11 19 22 23 10 24 1 6 3 10 20 17 5 20 3 22 23 15 11 7 25 19 1 25 19 20 4 9 4 14 7 5 8 16 1 3 24 10 19 7 9 26 19 26 10 8 17 8 7 13 26 22 3 24 23 11 24 18 9 13 4 11 26 18 18 14 22 1 13 23 22 16 23 21 4 5 8 14 20 16 15 31 
 12 26 1 9 15 18 1 4 25 6 15 14 22 13 20 19 24 16 24 17 7 20 15 26 11 25 20 12 1 13 12 25 17 7 2 16 6 4 24 26 4 24 12 5 19 5 8 6 13 18 22 26 25 15 20 24 6 19 21 24 21 20 18 1 18 6 9 21 17 25 15 7 16 15 23 19 9 5 16 21 23 23 8 17 26 9 7 17 22 7 3 5 13 18 8 12 22 2 
 13 21 26 19 2 23 26 5 4 11 2 8 17 9 12 24 15 22 15 1 6 12 2 21 16 4 12 14 26 9 14 4 1 6 10 22 11 5 15 21 5 15 14 13 24 13 18 11 9 23 17 21 4 2 12 15 11 24 3 15 3 12 23 26 23 11 19 3 1 4 2 6 22 2 7 24 19 13 22 3 7 7 18 1 21 19 6 1 17 6 25 13 9 23 18 14 17 10 
 14 3 21 24 10 7 21 13 5 16 10 18 1 19 14 15 2 17 2 26 11 14 10 3 22 5 14 8 21 19 8 5 26 11 20 17 16 13 2 3 13 2 8 9 15 9 23 16 19 7 1 3 5 10 14 2 16 15 25 2 25 14 7 21 7 16 24 25 26 5 10 11 17 10 6 15 24 9 17 25 6 6 23 26 3 24 11 26 1 11 4 9 19 7 23 8 1 20 
 15 25 3 15 20 6 3 9 13 22 20 23 26 24 8 2 10 1 10 21 16 8 20 25 17 13 8 18 3 24 18 13 21 16 12 1 22 9 10 25 9 10 18 19 2 19 7 22 24 6 26 25 13 20 8 10 22 2 4 10 4 8 6 3 6 22 15 4 21 13 20 16 1 20 11 2 15 19 1 4 11 11 7 21 25 15 16 21 26 16 5 19 24 6 7 18 26 12 
 16 4 25 2 12 11 25 19 9 17 12 7 21 15 18 10 20 26 20 3 22 18 12 4 1 9 18 23 25 15 23 9 3 22 14 26 17 19 20 4 19 20 23 24 10 24 6 17 15 11 21 4 9 12 18 20 17 10 5 20 5 18 11 25 11 17 2 5 3 9 12 22 26 12 16 10 2 24 26 5 16 16 6 3 4 2 22 3 21 22 13 24 15 11 6 23 21 14 30 26 31 4 3 24 83 37 25 
 17 5 4 10 14 16 4 24 19 1 14 6 3 2 23 20 12 21 12 25 17 23 14 5 26 19 23 7 4 2 7 19 25 17 8 21 1 24 12 5 24 12 7 15 20 15 11 1 2 16 3 5 19 14 23 12 1 20 13 12 13 23 16 4 16 1 10 13 25 19 14 17 21 14 22 20 10 15 21 13 22 22 11 25 5 10 17 25 3 17 9 15 2 16 11 7 3 8 29 26 46 5 4 24 80 11 25 
 18 13 5 20 8 22 5 15 24 26 8 11 25 10 7 12 14 3 14 4 1 7 8 13 21 24 7 6 5 10 6 24 4 1 18 3 26 15 14 13 15 14 6 2 12 2 16 26 10 22 25 13 24 8 7 14 26 12 9 14 9 7 22 5 22 26 20 9 4 24 8 1 3 8 17 12 20 2 3 9 17 17 16 4 13 20 1 4 25 1 19 2 10 22 16 6 25 18 28 27 38 57 6.5 24 77 8 44 
 19 9 13 12 18 17 13 2 15 21 18 16 4 20 6 14 8 25 8 5 26 6 18 9 3 15 6 11 13 20 11 15 5 26 23 25 21 2 8 9 2 8 11 10 14 10 22 21 20 17 4 9 15 18 6 8 21 14 19 8 19 6 17 13 17 21 12 19 5 15 18 26 25 18 1 14 12 10 25 19 1 1 22 5 9 12 26 5 4 26 24 10 20 17 22 11 4 23 
 20 19 9 14 23 1 9 10 2 3 23 22 5 12 11 8 18 4 18 13 21 11 23 19 25 2 11 16 9 12 16 2 13 21 7 4 3 10 18 19 10 18 16 20 8 20 17 3 12 1 5 19 2 23 11 18 3 8 24 18 24 11 1 9 1 3 14 24 13 2 23 21 4 23 26 8 14 20 4 24 26 26 17 13 19 14 21 13 5 21 15 20 12 1 17 16 5 7 
 21 24 19 8 7 26 19 20 10 25 7 17 13 14 16 18 23 5 23 9 3 16 7 24 4 10 16 22 19 14 22 10 9 3 6 5 25 20 23 24 20 23 22 12 18 12 1 25 14 26 13 24 10 7 16 23 25 18 15 23 15 16 26 19 26 25 8 15 9 10 7 3 5 7 21 18 8 12 5 15 21 21 1 9 24 8 3 9 13 3 2 12 14 26 1 22 13 6 
 22 15 24 18 6 21 24 12 20 4 6 1 9 8 22 23 7 13 7 19 25 22 6 15 5 20 22 17 24 8 17 20 19 25 11 13 4 12 7 15 12 7 17 14 23 14 26 4 8 21 9 15 20 6 22 7 4 23 2 7 2 22 21 24 21 4 18 2 19 20 6 25 13 6 3 23 18 14 13 2 3 3 26 19 15 18 25 19 9 25 10 14 8 21 26 17 9 11 
 23 2 15 23 11 3 15 14 12 5 11 26 19 18 17 7 6 9 6 24 4 17 11 2 13 12 17 1 15 18 1 12 24 4 16 9 5 14 6 2 14 6 1 8 7 8 21 5 18 3 19 2 12 11 17 6 5 7 10 6 10 17 3 15 3 5 23 10 24 12 11 4 9 11 25 7 23 8 9 10 25 25 21 24 2 23 4 24 19 4 20 8 18 3 21 1 19 16 
 24 10 2 7 16 25 2 8 14 13 16 21 24 23 1 6 11 19 11 15 5 1 16 10 9 14 1 26 2 23 26 14 15 5 22 19 13 8 11 10 8 11 26 18 6 18 3 13 23 25 24 10 14 16 1 11 13 6 20 11 20 1 25 2 25 13 7 20 15 14 16 5 19 16 4 6 7 18 19 20 4 4 3 15 10 7 5 15 24 5 12 18 23 25 3 26 24 22 
 25 20 10 6 22 4 10 18 8 9 22 3 15 7 26 11 16 24 16 2 13 26 22 20 19 8 26 21 10 7 21 8 2 13 17 24 9 18 16 20 18 16 21 23 11 23 25 9 7 4 15 20 8 22 26 16 9 11 12 16 12 26 4 10 4 9 6 12 2 8 22 13 24 22 5 11 6 23 24 12 5 5 25 2 20 6 13 2 15 13 14 23 7 4 25 21 15 17 
 26 12 20 11 17 5 20 23 18 19 17 25 2 6 21 16 22 15 22 10 9 21 17 12 24 18 21 3 20 6 3 18 10 9 1 15 19 23 22 12 23 22 3 7 16 7 4 19 6 5 2 12 18 17 21 22 19 16 14 22 14 21 5 20 5 19 11 14 10 18 17 9 15 17 13 16 11 7 15 14 13 13 4 10 12 11 9 10 2 9 8 7 6 5 4 3 2 1 
 0 
 