## xl/sharedStrings.xml
 
 - . E N D Y A H R O L S C P T I B U M W X G F Q K V ? J Z K3 and K4 ciphertext / overlayed with the Kryptos Morse Code Symbols nicholas c. lamey 9.15.17 nicholaslamey@yahoo.com 
## xl/worksheets/sheet1.xml
 
 29 
 2 3 4 5 6 7 8 9 7 3 10 11 8 7 2 9 12 13 14 2 9 15 16 15 4 5 11 7 3 6 15 
 0 1 1 1 1 1 0 1 0 0 0 0 0 1 1 0 1 0 1 1 0 0 1 0 0 0 1 1 1 1 1 
 6 12 7 14 3 8 2 5 17 10 4 11 10 10 11 10 10 3 9 7 11 3 9 11 18 8 19 20 18 3 2 
 0 1 1 0 0 0 0 1 0 1 1 1 1 0 0 1 1 0 1 0 1 0 1 1 1 1 0 1 0 1 1 
 14 13 8 3 21 6 14 15 7 3 8 6 8 13 2 11 10 3 3 2 10 2 16 10 13 15 15 6 12 6 2 
 0 1 1 0 0 1 1 0 1 1 0 1 0 0 1 1 0 0 0 0 1 1 0 1 0 0 1 0 1 1 1 
 19 18 14 19 3 4 15 14 2 2 3 8 6 7 12 14 2 3 2 17 4 8 2 14 3 7 6 2 9 2 14 
 0 0 0 1 1 1 1 1 1 0 1 1 1 0 1 0 1 1 0 1 0 1 0 1 1 1 0 1 1 0 1 
 22 9 10 11 2 4 14 15 19 2 3 7 6 2 15 9 5 14 2 5 23 7 2 2 3 12 14 6 5 12 8 
 0 0 1 1 0 1 1 1 1 0 1 1 1 1 1 1 1 0 1 1 1 1 0 1 1 1 1 1 1 1 1 
 2 15 22 14 16 8 11 13 6 18 7 7 2 19 2 3 6 14 6 18 6 14 2 21 5 2 2 8 10 16 14 
 1 1 1 0 0 1 1 0 0 0 1 0 0 1 1 0 1 0 0 0 1 0 1 0 1 0 1 1 1 1 1 
 2 2 22 9 6 11 22 15 9 14 17 2 14 17 6 2 9 14 9 6 8 18 6 2 2 8 14 3 8 14 15 
 1 0 1 1 1 1 0 0 1 0 1 1 1 0 1 1 0 0 1 0 0 0 0 0 1 0 1 0 1 0 0 
 16 11 2 4 4 3 15 6 6 7 14 14 18 11 14 2 19 13 15 2 8 9 6 21 8 15 2 19 22 2 16 
 0 1 0 0 1 0 1 0 0 0 0 0 1 0 0 0 1 1 1 1 0 1 0 1 1 1 0 1 0 1 1 
 6 2 12 14 4 4 7 15 10 12 2 15 7 11 15 14 2 21 9 2 6 9 11 4 4 8 5 4 10 9 8 
 1 1 1 1 0 1 0 1 1 0 1 0 0 0 1 1 0 1 1 0 0 0 0 0 0 1 1 1 0 1 1 
 15 14 8 24 10 18 10 2 7 6 21 14 4 7 6 8 4 13 3 2 9 7 18 21 22 18 22 2 17 7 2 
 1 1 1 1 1 1 1 0 1 1 0 1 1 1 1 1 1 1 1 1 1 1 1 1 0 0 1 1 1 0 1 
 2 12 4 18 8 15 13 22 2 15 18 2 7 3 10 11 11 14 14 8 14 25 4 9 7 19 
 0 0 1 0 1 1 1 0 1 1 1 0 1 1 0 0 1 0 1 1 1 1 1 1 0 1 
 26 9 16 24 8 
 1 1 0 0 0 
 17 9 20 9 21 7 17 10 16 11 9 10 15 22 16 16 19 22 10 8 25 23 23 13 8 3 21 24 11 11 9 
 1 1 1 0 0 1 0 1 0 1 0 1 0 0 0 1 1 0 1 0 0 1 1 0 1 1 0 0 1 1 0 
 14 19 14 23 11 27 23 11 11 2 24 28 28 19 6 14 27 24 10 17 4 15 6 19 15 3 22 16 3 5 13 
 1 1 0 0 1 1 1 1 0 1 1 1 0 0 1 0 0 1 1 1 0 1 1 0 1 0 0 0 1 1 0 
 25 14 14 18 28 22 13 24 19 21 4 24 28 20 14 27 12 4 15 21 24 17 7 17 6 17 2 24 12 6 8 
 1 1 1 1 1 0 0 0 1 0 0 1 1 0 1 1 1 0 0 0 0 0 1 0 0 1 1 1 1 1 0 
 30 
 31 
 