## xl/sharedStrings.xml
 
 Q P S L O W Y D E A R T H C B I N U M V G F K X <-- ALL Prime and Composite positions removed <-- Shaded cells are the letters revealed when ? J Z <-- Shaded cells are composite # equivelents <-- Yellow cells are prime # equivelents placed underneath the above grid <-- Same as above, but using K2 PT instead of K3 CT <-- Same as above, but using K2 CT instead of K2 PT 
## xl/worksheets/sheet1.xml
 
 
 1 2 3 4 5 3 6 7 8 2 1 9 10 9 11 3 6 2 3 4 5 3 6 11 12 30 
 13 8 14 10 15 2 11 12 9 11 8 16 13 17 18 14 8 10 8 7 11 12 8 3 4 29 
 1 6 5 9 2 10 8 18 4 19 8 7 5 15 11 12 11 10 8 18 14 3 15 16 20 
 13 9 13 12 15 16 11 12 8 17 1 1 8 10 3 8 21 11 12 9 16 7 13 4 10 
 1 11 12 8 12 4 3 8 9 3 15 11 11 3 8 15 15 16 2 8 10 11 8 7 11 
 13 16 11 12 8 12 4 11 9 15 10 8 2 13 9 1 15 16 20 21 10 4 18 11 12 
 1 3 9 18 8 11 4 21 3 15 13 22 8 10 14 17 11 1 10 8 2 8 16 11 3 
 13 15 11 12 15 16 8 18 8 10 20 8 7 21 10 4 18 11 12 8 18 15 2 11 23 
 
 1 3 4 3 6 7 1 9 10 9 11 3 6 3 4 3 6 11 12 24 
 13 8 14 2 8 13 18 14 8 8 8 
 1 6 9 10 4 19 7 15 11 12 11 10 3 15 16 
 13 13 8 8 8 13 
 1 11 12 12 4 3 9 3 15 11 11 3 15 15 16 10 11 7 11 
 13 8 8 2 13 20 18 
 1 3 9 11 4 21 3 15 10 17 11 1 10 16 11 3 
 13 8 18 8 20 8 18 8 18 2 
 
 8 16 7 6 9 12 10 4 12 16 3 2 10 12 8 4 13 1 11 8 4 15 14 15 25 
 2 3 3 2 3 3 16 4 12 2 16 4 2 18 10 5 23 18 16 8 11 1 10 16 31 
 14 3 1 15 15 9 13 9 8 5 18 11 5 16 7 15 11 8 8 16 10 9 12 13 
 3 2 8 7 11 15 5 8 16 12 9 8 15 4 6 11 8 6 0 12 8 8 16 13 
 5 8 16 9 11 9 18 9 11 8 20 6 8 8 10 3 14 11 8 8 21 4 9 2 
 8 10 11 16 10 11 15 14 2 8 7 7 16 15 9 9 12 11 11 18 2 11 8 5 
 7 7 12 15 3 13 8 15 12 2 15 11 8 20 4 8 9 4 2 7 7 10 6 7 
 10 7 1 16 8 4 12 18 20 21 18 21 8 17 12 8 8 13 7 18 10 15 1 21 
 
 15 11 5 9 2 11 4 11 9 3 3 6 15 16 19 15 2 15 14 3 8 12 4 5 32 
 2 2 15 14 3 8 26 11 12 8 6 17 2 8 7 11 12 8 8 9 10 11 12 2 
 13 21 15 8 3 7 23 11 12 8 15 16 21 4 10 18 9 11 15 4 16 5 9 2 
 7 9 16 7 11 10 9 16 2 18 15 11 11 8 7 17 16 7 8 10 20 10 17 17 
 16 22 16 4 5 16 3 4 13 9 11 15 4 16 23 7 4 8 2 3 9 16 20 3 
 14 4 17 11 11 12 15 2 26 11 12 8 6 2 12 4 17 3 7 15 11 2 14 17 
 11 12 8 10 8 2 4 18 8 5 12 8 10 8 23 5 12 4 22 16 4 5 2 11 
 3 4 13 9 11 15 4 16 26 4 16 3 6 5 5 11 12 15 2 5 9 2 12 15 
 
 19 21 1 27 17 7 8 8 12 28 5 8 11 28 6 19 20 5 12 22 22 0 8 11 33 
 20 20 5 12 22 22 26 7 0 18 13 1 21 0 28 7 0 18 18 15 9 20 1 21 
 15 18 19 18 28 27 9 16 0 3 19 22 0 8 7 9 20 7 19 21 10 1 27 17 
 28 20 28 3 8 13 20 6 17 23 17 8 8 16 27 11 14 27 3 14 0 13 10 11 
 6 15 28 8 11 22 28 8 18 19 7 17 21 22 2 27 12 22 21 5 12 22 17 5 
 12 12 7 7 7 17 19 12 26 7 5 22 14 21 17 21 1 5 16 11 7 21 15 6 
 8 19 3 7 22 21 8 28 18 4 0 0 27 3 11 11 17 20 2 6 0 1 21 8 
 23 21 3 20 20 11 8 28 26 21 22 28 14 2 21 7 0 19 20 4 20 15 1 17 
 