## xl/sharedStrings.xml
 
 R A C K E U H G I D J T X Z W P F M V Y N B L S Q O ? K x CIPHER TEXT PLAIN TEXT STEP ONE: THE MATRIX - Rearange the existing matrix of K1-K3 cipher text to equal rows of 30 and do the same for the plain text matrix. STPE TWO: STEGANOGRAPHY / PALIMPSEST - Start by looking at the new plain text matrix. Starting form the "U" in "buried" from K2 and then work your way down 3 additional letters. Then start from the "C" in "seconds" (five se"C"onds north) and work your way down 3 additional letters. You'll see the words USSR CITY. ALPHABET KEY: KRYPTOS PASS KEY: YFICXUEI SOLUTION: HQ BERLIN PARTIAL K4 FRAGMENT: FBNYPVTT (includes the NYPVTT clue plus 2 additionsl letters) STEP FOUR: VARIENT BEAUFORT - Apply the letter sequence as a partial OTP pass key to solving K4 using the Vigenere encryption method BUT instead of decoding you need to encode K4. This is also called Variant Beaufort cipher. STEP THREE: COORDINATES (ABSCISSA) - Now find the exact same letter positions in the cipher text matrix. The characters should be YFICXUEI. STEP FIVE: If this is the method then find the remaing hidden text within the PT matrix and figure out where to apply it in the K4 sequence. Solved? 
## xl/worksheets/sheet1.xml
 
 31 
 29 
 1 2 3 4 5 6 7 8 9 10 11 12 13 14 15 16 17 18 19 20 21 22 23 24 25 26 27 28 29 30 
 1 4 17 5 16 15 6 13 22 0 16 1 12 19 5 23 9 10 3 13 22 9 3 0 20 23 6 7 20 16 8 
 2 18 10 19 24 11 24 5 12 24 21 24 18 19 5 18 22 22 11 0 4 18 10 19 24 11 17 3 19 0 9 
 3 17 16 9 18 16 15 10 5 9 4 4 6 13 14 4 11 13 19 18 7 14 6 3 3 24 4 11 7 16 24 
 4 10 20 2 4 7 7 14 6 3 27 26 9 24 17 2 15 16 24 13 9 24 17 17 8 1 7 15 16 12 6 
 5 24 0 22 7 11 8 17 18 17 13 10 1 20 24 22 18 3 24 4 9 1 7 9 18 16 0 15 10 5 20 
 6 7 4 5 20 1 24 13 7 13 22 4 2 7 19 5 12 5 4 4 20 10 11 21 10 22 21 24 2 0 11 
 7 21 10 9 16 6 0 0 19 8 13 4 11 27 13 4 17 18 9 5 16 3 23 10 6 3 16 14 6 3 5 
 8 14 24 22 23 13 16 11 8 6 6 9 9 9 5 18 6 26 9 14 3 21 16 5 16 15 14 20 11 9 16 
 9 8 19 2 5 24 13 4 0 4 4 18 22 9 3 16 4 13 17 25 24 24 10 22 11 11 5 7 23 19 24 
 10 15 16 4 5 20 22 1 18 8 9 12 16 22 7 7 11 4 13 26 16 3 13 21 23 16 9 24 18 7 25 
 11 7 8 15 5 16 12 6 6 9 0 3 16 16 6 24 20 11 7 15 5 1 4 2 20 5 18 15 9 10 17 
 12 24 2 22 24 5 17 5 20 4 9 16 24 4 22 13 13 18 0 0 7 3 16 16 18 25 4 4 12 21 9 
 13 17 18 15 20 16 24 12 4 13 22 7 0 4 9 20 24 16 17 15 20 13 7 22 16 22 15 17 0 10 24 
 14 19 1 22 17 7 20 5 18 15 9 12 18 3 15 9 24 5 17 4 21 4 9 17 6 9 1 16 17 10 7 
 15 13 20 5 15 22 7 4 14 10 22 22 1 4 11 7 4 20 9 19 1 6 0 25 6 20 22 23 0 6 4 
 16 25 2 15 11 4 25 8 21 8 9 19 23 6 20 1 8 1 2 6 11 20 0 4 19 5 22 9 23 22 22 
 17 23 22 22 20 25 6 23 20 25 23 17 0 14 12 17 20 4 11 15 0 20 7 1 11 8 6 20 0 1 0 
 18 15 4 23 22 20 20 4 22 4 21 22 15 8 8 1 2 1 4 14 17 11 14 20 9 8 11 4 4 20 0 
 19 1 6 2 11 4 20 4 5 9 0 4 11 20 6 1 4 25 4 11 16 25 22 23 4 9 11 8 14 4 20 
 20 6 1 4 8 25 19 11 4 19 24 6 4 4 20 2 11 1 19 2 0 4 8 16 11 21 0 23 15 1 17 
 21 6 6 4 14 4 20 1 11 1 17 1 11 4 7 19 4 4 0 22 21 11 4 4 16 25 1 23 16 8 25 
 22 11 5 4 11 5 1 4 25 11 25 1 0 17 1 4 4 0 11 20 0 11 8 21 23 4 9 9 20 8 1 
 23 1 6 11 11 17 23 11 4 14 15 8 4 0 25 1 7 0 8 4 14 16 4 21 1 4 2 11 9 9 6 
 24 8 22 2 4 8 6 23 8 11 4 7 25 4 1 25 23 9 9 0 19 9 22 25 0 8 11 0 3 22 17 
 25 22 4 6 1 7 11 9 6 1 0 9 15 20 4 25 6 17 7 16 17 16 4 5 6 4 4 2 9 17 0 
 26 8 15 16 4 8 17 4 6 20 22 23 23 11 11 0 11 18 9 25 6 14 26 25 21 3 0 5 25 12 25 
 27 7 6 5 22 21 23 25 22 8 16 21 21 14 16 22 0 18 24 24 15 0 20 7 3 23 23 25 11 14 11 
 28 24 23 10 24 23 23 4 3 13 13 14 1 11 10 3 22 5 9 8 1 14 8 20 16 21 20 19 15 18 11 
 29 11 17 13 16 15 3 14 7 9 27 13 12 11 10 2 9 8 7 3 5 6 5 1 5 4 3 2 1 0 
 30 
 1 2 3 4 5 6 7 8 9 10 11 12 13 14 15 16 17 18 19 20 21 22 23 24 25 26 27 28 29 30 
 1 21 4 11 14 4 4 20 23 5 21 11 22 4 23 6 1 9 8 20 7 1 20 9 11 6 4 1 21 23 4 
 2 20 2 4 25 16 22 8 7 6 11 22 8 4 23 11 6 4 20 5 1 20 2 4 25 16 8 24 22 5 23 
 3 8 25 20 8 11 14 1 23 11 25 11 1 22 22 19 8 20 18 8 23 8 21 22 4 6 25 14 23 11 6 
 4 1 11 15 25 23 23 8 21 22 4 26 11 6 4 19 5 23 4 9 11 6 4 4 1 0 11 6 23 17 1 
 5 7 20 4 11 8 2 16 8 4 22 9 28 11 6 4 8 20 16 25 0 17 1 11 8 25 20 14 1 23 7 
 6 1 11 6 4 0 4 9 1 20 9 11 0 1 20 23 17 8 11 11 4 9 5 20 9 4 0 7 0 5 5 
 7 20 9 11 25 1 20 5 20 3 20 25 14 20 22 25 2 1 11 8 25 20 28 9 25 4 23 22 1 20 7 
 8 22 4 19 3 20 25 14 1 21 25 5 11 11 6 8 23 26 11 6 4 19 23 6 25 5 22 9 8 11 23 
 9 21 5 0 8 4 9 25 5 11 11 6 4 0 4 23 25 17 4 14 6 4 0 4 28 14 6 25 3 20 25 
 10 14 23 11 6 4 4 12 1 2 11 22 25 2 1 11 8 25 20 26 25 20 22 19 14 14 11 6 8 23 14 
 11 1 23 6 8 23 22 1 23 11 17 4 23 23 1 7 4 28 11 6 8 0 11 19 4 8 7 6 11 9 4 
 12 7 0 4 4 23 16 8 16 11 19 23 4 18 4 20 17 8 20 5 11 4 23 23 8 12 15 25 8 20 11 
 13 16 8 18 4 23 4 2 25 20 9 23 20 25 0 11 6 23 4 18 4 20 11 19 23 4 18 4 20 9 4 
 14 7 0 4 4 23 4 8 7 6 11 17 8 20 5 11 4 23 16 25 0 11 19 16 25 5 0 23 4 2 25 
 15 20 9 23 14 4 23 11 22 1 19 4 0 11 14 25 23 22 25 14 22 19 9 4 23 15 1 0 1 11 22 
 16 19 23 22 25 14 22 19 11 6 4 0 4 17 1 8 20 23 25 16 15 1 23 23 1 7 4 9 4 21 0 
 17 8 23 11 6 1 11 4 20 2 5 17 21 4 0 4 9 11 6 4 22 25 14 4 0 15 1 0 11 25 16 
 18 11 6 4 9 25 25 0 14 1 19 14 1 23 0 4 17 25 18 4 9 14 8 11 6 11 0 4 17 21 22 
 19 8 20 7 6 1 20 9 23 8 17 1 9 4 1 11 8 20 19 21 0 4 1 2 6 8 20 11 6 4 5 
 20 15 15 4 0 22 4 16 11 6 1 20 9 2 25 0 20 4 0 1 20 9 11 6 4 20 14 8 9 4 20 
 21 8 20 7 11 6 4 6 25 22 4 1 22 8 11 11 22 4 8 8 20 23 4 0 11 4 9 11 6 4 2 
 22 1 20 9 22 4 1 20 9 15 4 4 0 4 9 8 20 11 6 4 6 25 11 1 8 0 4 23 2 1 15 
 23 8 20 7 16 0 25 17 11 6 4 2 6 1 17 21 4 0 2 1 5 23 4 9 11 6 4 16 22 1 17 
 24 4 11 25 16 22 8 2 3 4 0 21 5 11 15 0 4 23 4 20 11 22 19 9 4 11 1 8 22 23 25 
 25 16 11 6 4 0 25 25 17 14 8 11 6 8 20 4 17 4 0 7 4 9 16 0 25 17 11 6 4 17 8 
 26 23 11 12 2 1 20 19 25 5 23 4 4 1 20 19 11 6 8 20 7 24 26 
 
 32 
 1 2 3 4 5 6 7 8 9 10 11 12 13 14 15 16 17 18 19 20 21 22 23 24 25 26 27 28 29 30 
 1 21 4 11 14 4 4 20 23 5 21 11 22 4 23 6 1 9 8 20 7 1 20 9 11 6 4 1 21 23 4 
 2 20 2 4 25 16 22 8 7 6 11 22 8 4 23 11 6 4 20 5 1 20 2 4 25 16 8 24 22 5 23 
 3 8 25 20 8 11 14 1 23 11 25 11 1 22 22 19 8 20 18 8 23 8 21 22 4 6 25 14 23 11 6 
 4 1 11 15 25 23 23 8 21 22 4 26 11 6 4 19 5 23 4 9 11 6 4 4 1 0 11 6 23 17 1 
 5 7 20 4 11 8 2 16 8 4 22 9 28 11 6 4 8 20 16 25 0 17 1 11 8 25 20 14 1 23 7 
 6 1 11 6 4 0 4 9 1 20 9 11 0 1 20 23 17 8 11 11 4 9 5 20 9 4 0 7 0 5 5 
 7 20 9 11 25 1 20 5 20 3 20 25 14 20 22 25 2 1 11 8 25 20 28 9 25 4 23 22 1 20 7 
 8 22 4 19 3 20 25 14 1 21 25 5 11 11 6 8 23 26 11 6 4 19 23 6 25 5 22 9 8 11 23 
 9 21 5 0 8 4 9 25 5 11 11 6 4 0 4 23 25 17 4 14 6 4 0 4 28 14 6 25 3 20 25 
 10 14 23 11 6 4 4 12 1 2 11 22 25 2 1 11 8 25 20 26 25 20 22 19 14 14 11 6 8 23 14 
 11 1 23 6 8 23 22 1 23 11 17 4 23 23 1 7 4 28 11 6 8 0 11 19 4 8 7 6 11 9 4 
 12 7 0 4 4 23 16 8 16 11 19 23 4 18 4 20 17 8 20 5 11 4 23 23 8 12 15 25 8 20 11 
 13 16 8 18 4 23 4 2 25 20 9 23 20 25 0 11 6 23 4 18 4 20 11 19 23 4 18 4 20 9 4 
 14 7 0 4 4 23 4 8 7 6 11 17 8 20 5 11 4 23 16 25 0 11 19 16 25 5 0 23 4 2 25 
 15 20 9 23 14 4 23 11 22 1 19 4 0 11 14 25 23 22 25 14 22 19 9 4 23 15 1 0 1 11 22 
 16 19 23 22 25 14 22 19 11 6 4 0 4 17 1 8 20 23 25 16 15 1 23 23 1 7 4 9 4 21 0 
 17 8 23 11 6 1 11 4 20 2 5 17 21 4 0 4 9 11 6 4 22 25 14 4 0 15 1 0 11 25 16 
 18 11 6 4 9 25 25 0 14 1 19 14 1 23 0 4 17 25 18 4 9 14 8 11 6 11 0 4 17 21 22 
 19 8 20 7 6 1 20 9 23 8 17 1 9 4 1 11 8 20 19 21 0 4 1 2 6 8 20 11 6 4 5 
 20 15 15 4 0 22 4 16 11 6 1 20 9 2 25 0 20 4 0 1 20 9 11 6 4 20 14 8 9 4 20 
 21 8 20 7 11 6 4 6 25 22 4 1 22 8 11 11 22 4 8 8 20 23 4 0 11 4 9 11 6 4 2 
 22 1 20 9 22 4 1 20 9 15 4 4 0 4 9 8 20 11 6 4 6 25 11 1 8 0 4 23 2 1 15 
 23 8 20 7 16 0 25 17 11 6 4 2 6 1 17 21 4 0 2 1 5 23 4 9 11 6 4 16 22 1 17 
 24 4 11 25 16 22 8 2 3 4 0 21 5 11 15 0 4 23 4 20 11 22 19 9 4 11 1 8 22 23 25 
 25 16 11 6 4 0 25 25 17 14 8 11 6 8 20 4 17 4 0 7 4 9 16 0 25 17 11 6 4 17 8 
 26 23 11 12 2 1 20 19 25 5 23 4 4 1 20 19 11 6 8 20 7 24 26 
 
 38 
 
 1 2 3 4 5 6 7 8 9 10 11 12 13 14 15 16 17 18 19 20 21 22 23 24 25 26 27 28 29 30 
 1 4 17 5 16 15 6 13 22 0 16 1 12 19 5 23 9 10 3 13 22 9 3 0 20 23 6 7 20 16 8 
 2 18 10 19 24 11 24 5 12 24 21 24 18 19 5 18 22 22 11 0 4 18 10 19 24 11 17 3 19 0 9 
 3 17 16 9 18 16 15 10 5 9 4 4 6 13 14 4 11 13 19 18 7 14 6 3 3 24 4 11 7 16 24 
 4 10 20 2 4 7 7 14 6 3 27 26 9 24 17 2 15 16 24 13 9 24 17 17 8 1 7 15 16 12 6 
 5 24 0 22 7 11 8 17 18 17 13 10 1 20 24 22 18 3 24 4 9 1 7 9 18 16 0 15 10 5 20 
 6 7 4 5 20 1 24 13 7 13 22 4 2 7 19 5 12 5 4 4 20 10 11 21 10 22 21 24 2 0 11 
 7 21 10 9 16 6 0 0 19 8 13 4 11 27 13 4 17 18 9 5 16 3 23 10 6 3 16 14 6 3 5 
 8 14 24 22 23 13 16 11 8 6 6 9 9 9 5 18 6 26 9 14 3 21 16 5 16 15 14 20 11 9 16 
 9 8 19 2 5 24 13 4 0 4 4 18 22 9 3 16 4 13 17 25 24 24 10 22 11 11 5 7 23 19 24 
 10 15 16 4 5 20 22 1 18 8 9 12 16 22 7 7 11 4 13 26 16 3 13 21 23 16 9 24 18 7 25 
 11 7 8 15 5 16 12 6 6 9 0 3 16 16 6 24 20 11 7 15 5 1 4 2 20 5 18 15 9 10 17 
 12 24 2 22 24 5 17 5 20 4 9 16 24 4 22 13 13 18 0 0 7 3 16 16 18 25 4 4 12 21 9 
 13 17 18 15 20 16 24 12 4 13 22 7 0 4 9 20 24 16 17 15 20 13 7 22 16 22 15 17 0 10 24 
 14 19 1 22 17 7 20 5 18 15 9 12 18 3 15 9 24 5 17 4 21 4 9 17 6 9 1 16 17 10 7 
 15 13 20 5 15 22 7 4 14 10 22 22 1 4 11 7 4 20 9 19 1 6 0 25 6 20 22 23 0 6 4 
 16 25 2 15 11 4 25 8 21 8 9 19 23 6 20 1 8 1 2 6 11 20 0 4 19 5 22 9 23 22 22 
 17 23 22 22 20 25 6 23 20 25 23 17 0 14 12 17 20 4 11 15 0 20 7 1 11 8 6 20 0 1 0 
 18 15 4 23 22 20 20 4 22 4 21 22 15 8 8 1 2 1 4 14 17 11 14 20 9 8 11 4 4 20 0 
 19 1 6 2 11 4 20 4 5 9 0 4 11 20 6 1 4 25 4 11 16 25 22 23 4 9 11 8 14 4 20 
 20 6 1 4 8 25 19 11 4 19 24 6 4 4 20 2 11 1 19 2 0 4 8 16 11 21 0 23 15 1 17 
 21 6 6 4 14 4 20 1 11 1 17 1 11 4 7 19 4 4 0 22 21 11 4 4 16 25 1 23 16 8 25 
 22 11 5 4 11 5 1 4 25 11 25 1 0 17 1 4 4 0 11 20 0 11 8 21 23 4 9 9 20 8 1 
 23 1 6 11 11 17 23 11 4 14 15 8 4 0 25 1 7 0 8 4 14 16 4 21 1 4 2 11 9 9 6 
 24 8 22 2 4 8 6 23 8 11 4 7 25 4 1 25 23 9 9 0 19 9 22 25 0 8 11 0 3 22 17 
 25 22 4 6 1 7 11 9 6 1 0 9 15 20 4 25 6 17 7 16 17 16 4 5 6 4 4 2 9 17 0 
 26 8 15 16 4 8 17 4 6 20 22 23 23 11 11 0 11 18 9 25 6 14 26 25 21 3 0 5 25 12 25 
 27 7 6 5 22 21 23 25 22 8 16 21 21 14 16 22 0 18 24 24 15 0 20 7 3 23 23 25 11 14 11 
 28 24 23 10 24 23 23 4 3 13 13 14 1 11 10 3 22 5 9 8 1 14 8 20 16 21 20 19 15 18 11 
 29 11 17 13 16 15 3 14 7 9 27 13 12 11 10 2 9 8 7 3 5 6 5 1 5 4 3 2 1 0 
 37 
 33 
 34 
 36 
 
 35 
 39 
 