## xl/sharedStrings.xml
 
 K R Y P T O S B E W N U L H A D I G C F Q V M X E1 E2 P1 P2 P3 b e t w n s u l h a d i g c o f q y v p r m x k Z J ? K2 Value of E2 K2 Value of P3 K2 Value of P2 CT. 336 is his check, indicating the number of characters to be enciphered. He uses values, rather than distances, and works 251 is the Encrypter's interval for finding and the system's modular value. The Cryptanalyst works using 47 & 98 are useful in making Van Ryswyk's geometric represen- group, and the 8th letter of the the distances, and mostly "from the outside in". Line Total Running Total VISUAL REPRESENTATION OF ELLIS THEORY OF SCHEIDT METHOD OF CLUEING K3 ANALYSIS "outward from inside" Q1 Q2 Q3 7th letter of 5th PALIMPSEST group. A " PALIMPSEST group" of 10 the 5th letter of the 11th ABSCISSA 17th ABSCISSA group. An " ABSCISSA group" of 8 115+136= 251 47+51= 98 47+98+192= 337 251+85= 336 K/q R/u L/e U/s F/o tation of the K3 system. 47 is the start letter CT location in K3 for the first pt letter, and 192 the interval for further pt letters. 337 is the length of K3 if the unenciphered punctuation is included, INDICATED P OINT 1 INDICATED P OINT 2 INDICATED P OINT 3 " E rror" No. 1 " E rror" No. 2 §1 - K1 & K2, §2 - K3 & K4, §3 - Upper Tableau, §4 - Lower Tableau "Error" at K1#57 / §1#57 indicates the "Error" at K2#115 / §1#178 indicates >37 End >125/162 >61/223 >147/370 [END] START > P1 P2 > P3 E2 > END 1 ST Calc. No. 2 ND Calc. No. 3 RD Calc. No. Start §1 >Q1 Start §1 >Q2 Start §1 >Q3 Start §1 >"END" 178-37 370-37 225-37 100-57 225+57 100+37 S1 S2 E3 O1 F1 F2 FE Start of K2 Start of K1 & §1 (E/b) (V/i) Error 1 (K/q) Error 2 (R/u) Error 3 (L/a) Omission 1 (H/t-E/l) First Query Second Query (K/e-D/t) (H/s-D/t) Third Query (Z/n-F/o) Finish of K1 (D/n) Finish of K2 & §1 (G/o) Finish of Central layer (Per Ellis) (E/o) Point Ind'd. by E1 (L/e) Lwr. Pt. Ind'd by E2 (U/s) Upr. Pt. Ind'd. by E2 (F/o) E2 E3 F1 F2 FE P1 P2 P3 Q1 Q2 Q3 S1 178+57 192+100+37 192+100-61 Msg. Divn. Whole 147-57 147+37 100-61 147-61 286-192 192+47 Trunc. Θ = 38.95181°, SIN 0.62867 Θ = 63.90263°, SIN 0.89637 is the leg of an Isoceles Rt. Tr. of Hyp. is the leg of an Isoceles Rt. Tr. of Hyp. & 79 are Adj . & Opp of a Rt. Tr. of Hyp. & 299.31 are Adj . & Opp of a Rt. Tr. of Hyp. & 239.3 are Opp & Adj of a Rt. Tr. of Hyp. Round 1 (=5*7*9) Θ = 77.14556°, SIN 0. 97 494 = 38.95181° = 77.14556° = 63.90263° ° ' " 180° = Given Supplement ^ 2 + ^ 2 = 2 (=433+1) 3 275.656≅866/PI & 275.656 are Adj & Opp of a Rt.Tr. of Hyp. 4 68.59 = Isoc. Leg of 97 Hyp. Tr. ^ 4 ^ 1 ^ 2 ^ 3 
## xl/worksheets/sheet1.xml
 
 
 69 
 1 2 3 4 5 6 7 8 9 10 11 12 13 14 15 16 17 18 19 20 21 22 23 24 25 26 27 28 29 30 31 32 33 96 121 129 130 
 8 22 11 19 3 13 53 12 1 19 14 23 2 11 6 15 54 0 53 12 15 0 1 10 6 13 17 10 19 16 21 54 1 COUNTA(B5:AG5) 32 122 128 131 
 29 30 31 32 30 30 33 34 35 29 31 36 30 34 37 38 39 40 33 41 38 33 39 31 37 30 38 29 34 30 33 42 1 AI5+AI4 32 24 132 133 
 2 20 4 20 11 23 20 7 20 21 2 11 21 12 12 4 1 8 21 54 2 20 4 22 0 2 1 15 22 19 15 2 COUNTA(B7:AG7) 31 97 25 134 135 
 30 43 44 36 40 41 37 31 36 40 30 34 31 37 30 33 35 38 33 42 30 43 44 40 45 36 35 34 40 43 33 2 AI7+AI6 63 74 123 136 137 
 21 19 3 54 11 15 8 8 13 53 9 8 4 53 2 21 17 9 13 0 0 20 8 4 17 19 20 54 10 18 8 3 COUNTA(B9:AG9) 31 124 138 139 
 40 31 32 38 34 31 43 31 38 36 36 46 40 33 47 40 34 40 29 36 30 37 43 32 34 31 37 38 31 48 43 3 AI9 31 21 54 2 20 4 22 0 2 1 15 71 140 142 
 17 17 9 13 0 0 37 15 20 22 18 3 19 20 53 15 20 22 22 16 14 17 3 19 23 13 20 1 12 17 4 COUNTA(B11:AG11)-COUNTA(H11) 29 33 42 30 43 44 40 45 36 35 34 72 141 143 
 34 34 40 29 36 30 55 31 37 30 46 35 34 30 39 31 37 30 30 38 49 31 37 34 50 38 41 33 30 31 4 AI11+AI10 60 99 71 75 73 144 145 
 4 16 22 21 22 53 54 14 10 20 12 21 0 20 8 15 14 17 15 21 19 1 3 54 11 10 17 8 11 10 14 5 COUNTA(B13:AG13) 31 125 146 147 
 40 42 44 40 30 36 39 51 31 37 30 40 33 44 43 49 50 38 31 40 43 33 32 38 34 41 38 31 37 30 49 5 AI13+AI12 91 126 148 149 
 20 53 17 53 12 8 18 17 2 11 23 11 8 8 10 54 4 7 54 12 7 20 18 1 4 7 54 15 19 13 1 1 6 COUNTA(B15:AG15) 32 98 127 150 
 30 39 38 33 39 31 49 38 33 34 50 40 31 31 30 39 35 33 39 30 49 41 49 35 35 33 39 31 43 38 33 35 6 AI15+AI14 123 76 127 151 152 
 2 16 53 8 4 0 53 8 22 21 15 11 19 0 6 54 13 0 19 9 13 0 11 9 20 12 6 53 19 4 16 7 COUNTA(B17:AG17) 31 65 
 33 52 33 43 32 33 36 43 42 38 31 40 43 33 51 39 43 30 34 36 38 33 41 36 30 46 52 33 43 32 38 7 AI17+AI16 154 77 
 13 13 15 15 15 11 21 13 125 15 9 0 7 19 11 19 3 9 10 4 15 19 16 2 18 11 20 53 8 1 8 8 COUNTA(B19:AG19)-COUNTA(J19) 30 
 29 43 35 31 31 37 40 34 55 31 37 30 46 34 37 43 35 36 39 40 31 34 29 35 49 40 30 39 43 35 31 8 AI19+AI18 184 101 72 
 8 21 12 15 0 19 8 53 22 5 20 20 54 12 4 4 11 17 6 2 20 3 19 8 11 10 12 14 21 16 15 23 9 COUNTA(B21:AG21) 32 20 18 1 4 7 54 15 19 
 31 37 30 49 30 34 43 50 30 32 37 30 49 30 51 32 37 43 52 33 43 32 34 31 37 30 30 51 38 42 31 36 9 AI21+AI20 216 41 49 35 35 33 39 31 43 
 19 12 17 17 4 8 53 61 19 0 53 7 6 19 15 20 21 17 5 17 16 3 11 19 23 13 13 15 1 0 19 10 COUNTA(B23:AG23)-COUNTA(I23) 30 78 
 43 42 38 31 40 43 33 55 43 33 36 46 32 32 31 37 40 34 32 38 34 37 40 34 36 38 34 31 50 30 34 10 AI23+AI22 246 102 73 
 19 13 20 10 4 17 3 11 14 8 18 10 11 21 3 15 54 22 20 18 12 20 11 22 11 10 8 15 19 20 11 COUNTA(B25:AG25) 30 
 34 38 41 30 51 31 37 40 49 31 46 30 40 41 37 31 39 30 41 49 30 30 34 44 40 44 31 46 34 30 11 AI25+AI24 276 
 8 12 53 53 21 1 1 17 0 19 19 21 5 8 8 23 7 15 22 21 3 10 19 20 23 8 53 12 17 1 8 147 12 COUNTA(B27:AG27)-COUNTA(AG27) 31 
 47 30 33 50 40 33 35 31 30 34 34 40 51 48 43 40 33 31 44 40 47 30 34 30 42 43 33 39 34 33 43 104 12 AI27+AI26 307 103 100 
 15 10 20 19 22 3 10 53 17 12 19 12 3 22 1 54 20 2 14 12 22 17 10 11 21 3 15 23 21 0 3 13 COUNTA(B29:AG29) 31 
 49 31 37 34 30 47 30 33 31 46 34 30 47 30 33 39 30 41 49 30 30 34 30 40 41 37 31 50 40 33 35 13 AI29+AI28 338 
 15 20 11 22 8 7 8 15 22 13 15 14 19 22 54 17 53 10 11 3 12 17 8 6 9 54 12 12 14 8 4 17 14 COUNTA(B31:AG31) 32 67 
 31 30 34 44 43 49 31 46 44 43 35 49 34 30 42 43 33 39 34 32 30 34 31 51 36 38 46 30 49 31 32 43 14 AI31+AI30 370 68 
 83 24 85 26 105 47 47 108 47 56 115 79 
 84 25 86 27 106 51 51 109 80 57 136 100 111 
 87 28 107 370-178 192 110 81 58 85 82 
 AI35+J19 225 112 
 
 94 91 64 62 AI37+I23 286 113 
 95 92 88 59 
 93 89 60 AI39+AG27 433 114 
 90 61 
 63 70 
 66 
 
 
 
 
 
 1 2 3 4 5 6 7 8 9 10 11 12 13 14 15 16 17 18 19 20 21 22 23 24 25 26 27 28 29 30 31 32 33 
 8 10 15 2 14 13 1 5 13 10 12 6 1 13 8 5 18 3 4 8 5 16 7 16 15 2 6 13 10 14 16 14 COUNTA(B51:AH51) 32 
 34 36 43 32 36 46 39 30 34 48 38 49 38 31 36 46 34 36 43 32 36 46 31 37 30 49 30 50 38 40 33 34 AI51+AI50 32 
 18 13 4 10 1 8 2 11 12 15 6 12 12 6 12 12 10 5 13 6 10 5 6 22 1 9 23 22 10 8 COUNTA(B53:AH53) 30 
 43 44 48 38 34 34 38 41 30 39 30 29 49 40 34 31 37 38 31 30 33 42 35 50 29 30 49 30 39 31 AI53+AI52 62 
 4 3 1 10 17 14 4 16 13 10 1 14 1 3 8 6 12 10 10 8 12 8 7 12 3 16 16 14 18 14 8 COUNTA(B55:AH55) 31 
 37 30 36 43 32 30 49 48 38 49 31 43 44 31 37 30 39 43 43 49 32 38 46 32 38 34 49 30 50 43 47 AI55+AI54 93 
 9 22 4 9 10 15 16 4 8 8 10 1 14 13 18 4 8 10 8 11 15 1 8 4 10 13 14 8 5 8 COUNTA(B57:AH57) 30 
 30 39 32 40 31 37 31 49 30 50 29 36 40 33 41 37 38 33 39 34 40 50 38 39 30 38 31 40 33 46 AI57+AI56 123 
 4 19 5 12 6 8 15 4 16 9 8 10 13 14 8 16 5 2 4 8 2 20 13 8 8 10 18 4 14 2 18 1 COUNTA(B59:AH59) 32 
 29 49 30 38 42 37 40 33 31 37 30 35 48 48 30 49 36 30 44 31 37 38 33 39 42 43 49 33 30 49 38 33 AI59+AI58 155 
 8 16 19 4 7 1 6 3 14 22 13 10 8 9 8 10 14 4 14 22 14 4 8 17 2 8 8 1 12 7 COUNTA(B61:AH61) 30 
 39 31 37 30 33 32 40 39 30 33 40 33 41 31 37 30 37 43 36 30 38 36 40 31 31 36 30 40 40 33 AI61+AI60 185 
 4 8 8 19 5 14 6 19 16 5 4 11 8 4 11 14 8 5 4 5 14 1 22 14 8 8 1 4 10 1 4 16 COUNTA(B63:AH63) 32 
 34 30 49 31 30 39 31 37 30 42 38 33 39 36 30 38 33 39 48 30 30 49 30 39 40 33 31 37 30 37 43 31 AI63+AI62 217 
 7 6 8 15 15 10 16 14 14 13 4 4 22 6 4 8 9 3 16 8 1 5 14 17 1 16 8 9 19 8 7 COUNTA(B65:AH65) 31 
 38 40 49 30 34 42 38 48 40 33 41 44 49 43 50 31 37 30 42 37 38 50 29 30 49 42 38 35 34 30 39 AI65+AI64 248 
 14 8 18 4 15 15 13 16 12 18 8 16 13 6 16 4 8 17 5 8 14 5 6 15 15 1 2 15 12 5 1 16 4 COUNTA(B67:AH67) 33 
 31 37 30 44 36 38 50 30 31 43 44 36 40 42 52 30 49 29 35 31 48 49 30 34 30 33 31 36 46 39 30 31 38 AI67+AI66 281 
 1 0 12 22 12 8 13 14 17 4 15 13 14 1 15 3 10 8 5 13 22 17 19 22 19 8 11 13 8 COUNTA(B69:AH69) 29 
 40 36 34 43 44 31 37 30 49 43 43 50 32 40 31 37 40 33 30 50 30 49 41 30 39 44 49 43 50 AI69+AI68 310 
 8 18 15 22 1 16 3 19 8 16 22 8 13 10 12 6 6 4 4 1 4 21 15 5 13 9 55 5 7 0 1 COUNTA(B71:AB71) 27 COUNTA(AC71:AH71) 4 
 31 37 30 50 40 34 31 51 42 38 33 46 43 35 34 30 30 38 33 46 31 37 40 33 41 45 55 AI71+AI70 337 AJ71+AJ70 4 
 11 5 23 5 17 13 11 12 7 6 5 12 16 19 7 7 9 19 12 1 21 20 20 3 1 10 17 0 6 6 5 COUNTA(B73:AH73) 31 
 AJ73+AJ72 35 
 4 9 4 20 6 54 20 6 6 8 0 53 53 9 14 4 54 0 12 11 15 16 14 9 16 10 19 7 10 2 3 COUNTA(B75:AH75) 31 
 AJ75+AJ74 66 
 21 4 4 22 53 19 3 0 9 17 15 0 53 23 4 54 18 15 16 17 0 11 13 11 14 11 8 0 18 14 1 COUNTA(B77:AH77) 31 
 AJ77+AJ76 97 
 
## xl/worksheets/sheet2.xml
 
 87 
 174 175 
 26 24 125 71 27 25 28 72 73 127 126 123 124 
 24 132 133 57 57 47 57 63 100 148 178 199 225 286 370 433 444 448 
 25 134 135 115 178 170 0 L5-K6 47 M5-K6 57 N5-K6 63 O5-K6 100 P5-K6 148 Q5-K6 178 R5-K6 199 S5-K6 225 T5-K6 286 U5-K6 370 V5-K6 433 W5-K6 444 X5-K6 448 
 123 136 137 11 444 164 47 M5-K7 10 N5-K7 16 O5-K7 53 P5-K7 101 Q5-K7 131 R5-K7 152 S5-K7 178 T5-K7 239 U5-K7 323 V5-K7 386 W5-K7 397 X5-K7 401 
 125 146 147 63 63 24 57 N5-K8 6 O5-K8 43 P5-K8 91 Q5-K8 121 R5-K8 142 S5-K8 168 T5-K8 229 U5-K8 313 V5-K8 376 W5-K8 387 X5-K8 391 
 126 148 149 370 433 161 63 O5-K9 37 P5-K9 85 Q5-K9 115 R5-K9 136 S5-K9 162 T5-K9 223 U5-K9 307 V5-K9 370 W5-K9 381 X5-K9 385 
 127 150 167 100 P5-K10 48 Q5-K10 78 R5-K10 99 S5-K10 125 T5-K10 186 U5-K10 270 V5-K10 333 W5-K10 344 X5-K10 348 
 127 151 152 307 370 165 148 Q5-K11 30 R5-K11 51 S5-K11 77 T5-K11 138 U5-K11 222 V5-K11 285 W5-K11 296 X5-K11 300 
 124 138 139 15 448 159 178 R5-K12 21 S5-K12 47 T5-K12 108 U5-K12 192 V5-K12 255 W5-K12 266 X5-K12 270 
 26 153 154 47 47 166 199 S5-K13 26 T5-K13 87 U5-K13 171 V5-K13 234 W5-K13 245 X5-K13 249 
 27 155 156 85 148 168 225 T5-K14 61 U5-K14 145 V5-K14 208 W5-K14 219 X5-K14 223 
 28 157 158 136 199 169 286 U5-K15 84 V5-K15 147 W5-K15 158 X5-K15 162 
 71 140 142 37 100 163 370 V5-K16 63 W5-K16 74 X5-K16 78 
 72 141 143 162 225 162 433 W5-K17 11 X5-K17 15 
 73 144 145 223 286 160 444 X5-K18 4 
 
 
 
 1 47 MOD(C23,337) 47 47 47 6 2 202 9 203 (L23*L23)+(N23*N23) 85 
 2 C23+192 239 239 192+47 239 181 12 4 202 9 203 (L24*L24)+(N24*N24) 97 
 3 C24+192 431 94 286-192 94 180 5 3 202 13 203 (L25*L25)+(N25*N25) 178 
 4 623 MOD(C26,337) 286 286 286 9 9 202 16 203 (L26*L26)+(N26*N26) 337 
 5 815 MOD(C27,337) 141 178-37 141 115 12 3 202 19 203 370 
 6 1007 333 370-37 333 116 2 9 202 17 203 370 
 7 1199 188 225-37 188 117 15 14 202 15 203 421 
 8 1391 43 100-57 43 118 8 12 202 17 203 433 
 9 1583 235 178+57 235 171 6 4 202 21 203 457 
 10 1775 90 147-57 90 176 3 20 202 21 203 841 
 11 1967 282 225+57 282 119 14 5 202 29 203 866 
 12 2159 137 100+37 137 120 1 16 202 29 203 1097 
 13 2351 329 192+100+37 329 172 14 
 14 2543 184 147+37 184 177 4 
 15 2735 39 100-61 39 178 12 
 16 2927 231 192+100-61 231 173 2 
 17 3119 86 147-61 86 179 6 
 
 182 190 
 115 185 SQRT(2*(A44*A44)) 162.63455967290594 162 163 
 126 185 SQRT(2*(A45*A45)) 178.19090885900997 178 178 
 136 185 SQRT(2*(A46*A46)) 192.33304448274092 192 192 
 178 186 SQRT(2*(A47*A47)) 251.73001410241091 251 252 
 223 185 SQRT(2*(A48*A48)) 315.36962440920018 315 315 209 
 239 185 SQRT(2*(A49*A49)) 337.99704140716972 337 338 
 307 185 SQRT(2*(A50*A50)) 434.16356364854016 434 434 210 
 
 97 187 125.1 183 
 68.3 188 307 192 208 
 136 206 307.37961925931268 211 184 
 192.333 189 307.01217058774722 183 
 
 191 196 197 198 
 204 200 38 57 6.5 193 
 205 200 77 8 44 194 
 207 201 63 54 9.5 195 
 199 SUM(G58:G60) 178 SUM(H58:H60) 119 SUM(I58:I60) 60 
 
 
 
 