## xl/sharedStrings.xml
 
 A B C D E F G a b c d e f g h i j k l m n o p q r s t u v w x y z O K R U X H L S I W V Q P N T J Z Y M C# F# 
## xl/worksheets/sheet1.xml
 
 2 3 4 5 
 
 0 1 2 3 4 5 6 0 1 2 3 4 5 6 0 1 2 3 4 5 6 0 1 2 3 4 5 6 0 1 2 3 4 5 6 0 1 2 3 4 5 6 0 1 2 
 7 8 9 10 11 12 13 14 15 16 17 18 19 20 21 22 23 24 25 26 27 28 29 30 31 32 
 
 0 1 2 3 4 5 6 0 1 2 3 4 5 6 0 1 2 3 4 5 6 0 1 2 3 4 
 53 3 4 5 6 0 1 2 3 4 5 6 0 1 2 3 4 54 6 0 1 2 3 4 54 6 
 1 1 1 1 1 1 1 1 1 1 1 1 1 1 1 1 1 1 1 33 
 2 2 2 2 2 2 2 2 2 2 2 2 2 2 2 2 2 2 2 1 
 B11+1 3 E11+1 3 G11+1 3 J11+1 3 L11+1 3 N11+1 3 Q11+1 3 S11+1 3 V11+1 3 X11+1 3 Z11+1 3 AC11+1 3 AE11+1 3 AH11+1 3 AJ11+1 3 AL11+1 3 AO11+1 3 AQ11+1 3 AS11+1 3 34 
 B12+1 4 E12+1 4 G12+1 4 J12+1 4 L12+1 4 N12+1 4 Q12+1 4 S12+1 4 V12+1 4 X12+1 4 Z12+1 4 AC12+1 4 AE12+1 4 AH12+1 4 AJ12+1 4 AL12+1 4 AO12+1 4 AQ12+1 4 AS12+1 4 35 
 B13+1 5 E13+1 5 G13+1 5 J13+1 5 L13+1 5 N13+1 5 Q13+1 5 S13+1 5 V13+1 5 X13+1 5 Z13+1 5 AC13+1 5 AE13+1 5 AH13+1 5 AJ13+1 5 AL13+1 5 AO13+1 5 5 5 36 
 6 6 6 6 6 6 6 6 6 6 6 6 6 6 6 6 6 6 6 33 
 7 7 7 7 7 7 7 7 7 7 7 7 7 7 7 7 7 7 7 37 
 8 8 8 8 8 8 8 8 8 8 8 8 8 8 8 8 8 8 8 33 52 
 9 9 9 9 9 9 9 9 9 9 9 9 9 9 9 9 9 9 9 6 
 10 10 10 10 10 10 10 10 10 10 10 10 10 10 10 10 10 10 10 38 
 11 11 11 11 11 11 11 11 11 11 11 11 11 11 11 11 11 11 11 36 
 12 12 12 12 12 12 12 12 12 12 12 12 12 12 12 12 12 12 12 39 
 13 13 13 13 13 13 13 13 13 13 13 13 13 13 13 13 13 13 13 1 
 14 14 14 14 14 14 14 14 14 14 14 14 14 14 14 14 14 14 14 40 
 15 15 15 15 15 15 15 15 15 15 15 15 15 15 15 15 15 15 15 33 
 16 16 16 16 16 16 16 16 16 16 16 16 16 16 16 16 16 16 16 39 
 17 17 17 17 17 17 17 17 17 17 17 17 17 17 17 17 17 17 17 41 
 18 18 18 18 18 18 18 18 18 18 18 18 18 18 18 18 18 18 18 5 
 19 19 19 19 19 19 19 19 19 19 19 19 19 19 19 19 19 19 19 1 
 20 20 20 20 20 20 20 20 20 20 20 20 20 20 20 20 20 20 20 1 
 21 21 21 21 21 21 21 21 21 21 21 21 21 21 21 21 21 21 21 42 
 22 22 22 22 22 22 22 22 22 22 22 22 22 22 22 22 22 22 22 5 
 23 23 23 23 23 23 23 23 23 23 23 23 23 23 23 23 23 23 23 39 
 24 24 24 24 24 24 24 24 24 24 24 24 24 24 24 24 24 24 24 35 
 25 25 25 25 25 25 25 25 25 25 25 25 25 25 25 25 25 25 25 43 
 26 26 26 26 26 26 26 26 26 26 26 26 26 26 26 26 26 26 26 44 
 27 27 27 27 27 27 27 27 27 27 27 27 27 27 27 27 27 27 27 44 
 28 28 28 28 28 28 28 28 28 28 28 28 28 28 28 28 28 28 28 45 
 29 29 29 29 29 29 29 29 29 29 29 29 29 29 29 29 29 29 29 35 
 30 30 30 30 30 30 30 30 30 30 30 30 30 30 30 30 30 30 30 46 
 31 31 31 31 31 31 31 31 31 31 31 31 31 31 31 31 31 31 31 6 
 32 32 32 32 32 32 32 32 32 32 32 32 32 32 32 32 32 32 32 34 
 33 33 33 33 33 33 33 33 33 33 33 33 33 33 33 33 33 33 33 40 
 34 34 34 34 34 34 34 34 34 34 34 34 34 34 34 34 34 34 34 40 
 35 35 35 35 35 35 35 35 35 35 35 35 35 35 35 35 35 35 35 33 
 36 36 36 36 36 36 36 36 36 36 36 36 36 36 36 36 36 36 36 47 
 37 37 37 37 37 37 37 37 37 37 37 37 37 37 37 37 37 37 37 42 
 38 38 38 38 38 38 38 38 38 38 38 38 38 38 38 38 38 38 38 47 
 39 39 39 39 39 39 39 39 39 39 39 39 39 39 39 39 39 39 39 44 
 40 40 40 40 40 40 40 40 40 40 40 40 40 40 40 40 40 40 40 40 
 41 41 41 41 41 41 41 41 41 41 41 41 41 41 41 41 41 41 41 48 
 42 42 42 42 42 42 42 42 42 42 42 42 42 42 42 42 42 42 42 44 
 43 43 43 43 43 43 43 43 43 43 43 43 43 43 43 43 43 43 43 40 
 44 44 44 44 44 44 44 44 44 44 44 44 44 44 44 44 44 44 44 40 
 45 45 45 45 45 45 45 45 45 45 45 45 45 45 45 45 45 45 45 4 
 46 46 46 46 46 46 46 46 46 46 46 46 46 46 46 46 46 46 46 34 
 47 47 47 47 47 47 47 47 47 47 47 47 47 47 47 47 47 47 47 49 
 48 48 48 48 48 48 48 48 48 48 48 48 48 48 48 48 48 48 48 49 
 49 49 49 49 49 49 49 49 49 49 49 49 49 49 49 49 49 49 49 42 
 50 50 50 50 50 50 50 50 50 50 50 50 50 50 50 50 50 50 50 0 
 51 51 51 51 51 51 51 51 51 51 51 51 51 51 51 51 51 51 51 47 
 52 52 52 52 52 52 52 52 52 52 52 52 52 52 52 52 52 52 52 48 
 53 53 53 53 53 53 53 53 53 53 53 53 53 53 53 53 53 53 53 34 
 54 54 54 54 54 54 54 54 54 54 54 54 54 54 54 54 54 54 54 39 
 55 55 55 55 55 55 55 55 55 55 55 55 55 55 55 55 55 55 55 36 
 56 56 56 56 56 56 56 56 56 56 56 56 56 56 56 56 56 56 56 3 
 57 57 57 57 57 57 57 57 57 57 57 57 57 57 57 57 57 57 57 41 
 58 58 58 58 58 58 58 58 58 58 58 58 58 58 58 58 58 58 58 0 
 59 59 59 59 59 59 59 59 59 59 59 59 59 59 59 59 59 59 59 42 
 60 60 60 60 60 60 60 60 60 60 60 60 60 60 60 60 60 60 60 41 
 61 61 61 61 61 61 61 61 61 61 61 61 61 61 61 61 61 61 61 46 
 62 62 62 62 62 62 62 62 62 62 62 62 62 62 62 62 62 62 62 5 
 63 63 63 63 63 63 63 63 63 63 63 63 63 63 63 63 63 63 63 1 
 64 64 64 64 64 64 64 64 64 64 64 64 64 64 64 64 64 64 64 46 
 65 65 65 65 65 65 65 65 65 65 65 65 65 65 65 65 65 65 65 50 
 66 66 66 66 66 66 66 66 66 66 66 66 66 66 66 66 66 66 66 45 
 67 67 67 67 67 67 67 67 67 67 67 67 67 67 67 67 67 67 67 43 
 68 68 68 68 68 68 68 68 68 68 68 68 68 68 68 68 68 68 68 47 
 B77+1 69 E77+1 69 G77+1 69 J77+1 69 L77+1 69 N77+1 69 Q77+1 69 S77+1 69 V77+1 69 X77+1 69 Z77+1 69 AC77+1 69 AE77+1 69 AH77+1 69 AJ77+1 69 AL77+1 69 AO77+1 69 69 69 47 
 70 70 70 70 70 70 70 70 70 70 70 70 70 70 70 70 70 70 70 51 
 71 71 71 71 71 71 71 71 71 71 71 71 71 71 71 71 71 71 71 49 
 72 72 72 72 72 72 72 72 72 72 72 72 72 72 72 72 72 72 72 5 
 73 73 73 73 73 73 73 73 73 73 73 73 73 73 73 73 73 73 73 45 
 74 74 74 74 74 74 74 74 74 74 74 74 74 74 74 74 74 74 74 34 
 75 75 75 75 75 75 75 75 75 75 75 75 75 75 75 75 75 75 75 42 
 76 76 76 76 76 76 76 76 76 76 76 76 76 76 76 76 76 76 76 6 
 77 77 77 77 77 77 77 77 77 77 77 77 77 77 77 77 77 77 77 3 
 78 78 78 78 78 78 78 78 78 78 78 78 78 78 78 78 78 78 78 34 
 79 79 79 79 79 79 79 79 79 79 79 79 79 79 79 79 79 79 79 49 
 80 80 80 80 80 80 80 80 80 80 80 80 80 80 80 80 80 80 80 37 
 81 81 81 81 81 81 81 81 81 81 81 81 81 81 81 81 81 81 81 47 
 82 82 82 82 82 82 82 82 82 82 82 82 82 82 82 82 82 82 82 48 
 83 83 83 83 83 83 83 83 83 83 83 83 83 83 83 83 83 83 83 2 
 84 84 84 84 84 84 84 84 84 84 84 84 84 84 84 84 84 84 84 3 
 85 85 85 85 85 85 85 85 85 85 85 85 85 85 85 85 85 85 85 41 
 86 86 86 86 86 86 86 86 86 86 86 86 86 86 86 86 86 86 86 6 
 87 87 87 87 87 87 87 87 87 87 87 87 87 87 87 87 87 87 87 34 
 88 88 88 88 88 88 88 88 88 88 88 88 88 88 88 88 88 88 88 36 
 89 89 89 89 89 89 89 89 89 89 89 89 89 89 89 89 89 89 89 38 
 90 90 90 90 90 90 90 90 90 90 90 90 90 90 90 90 90 90 90 36 
 91 91 91 91 91 91 91 91 91 91 91 91 91 91 91 91 91 91 91 0 
 92 92 92 92 92 92 92 92 92 92 92 92 92 92 92 92 92 92 92 36 
 93 93 93 93 93 93 93 93 93 93 93 93 93 93 93 93 93 93 93 4 
 94 94 94 94 94 94 94 94 94 94 94 94 94 94 94 94 94 94 94 34 
 95 95 95 95 95 95 95 95 95 95 95 95 95 95 95 95 95 95 95 2 
 96 96 96 96 96 96 96 96 96 96 96 96 96 96 96 96 96 96 96 0 
 35 
 
 
 
 
 
 
 
 
 
 
 
 
 
 
 
 
 
 
 
 
 
 
 
 
 
 
 
 
 
 
 
 
 
 
 
 
 
 
 
 
 
 
 
 
 
 
 
 
 
## xl/worksheets/sheet2.xml
 
 52 3 4 5 
 
 0 1 2 3 4 5 6 0 1 2 3 4 5 6 0 1 2 3 4 5 6 0 1 2 3 4 5 6 0 1 2 3 4 5 6 0 1 2 3 4 5 6 0 1 2 
 7 8 9 10 11 12 13 14 15 16 17 18 19 20 21 22 23 24 25 26 27 28 29 30 31 32 
 
 7 8 9 10 11 12 13 14 15 16 17 18 19 20 21 22 23 24 25 26 27 28 29 30 31 32 
 0 1 2 3 4 5 6 0 1 2 3 4 5 6 0 1 2 3 4 5 6 0 1 2 3 4 
 53 3 4 5 6 0 1 2 3 4 5 6 0 1 2 3 4 54 6 0 1 2 3 4 54 6 
 1 1 1 1 1 1 1 1 1 1 37 1 1 1 1 1 1 1 1 1 33 
 2 37 2 2 2 2 2 2 2 2 2 2 2 2 2 2 2 2 2 2 1 
 B11+1 3 E11+1 3 G11+1 3 J11+1 3 L11+1 3 N11+1 3 Q11+1 3 37 S11+1 3 V11+1 3 X11+1 3 Z11+1 3 AC11+1 3 AE11+1 3 AH11+1 3 AJ11+1 3 AL11+1 3 AO11+1 3 AQ11+1 3 AS11+1 3 34 
 B12+1 4 E12+1 4 G12+1 4 J12+1 4 L12+1 4 N12+1 4 Q12+1 4 S12+1 4 V12+1 4 X12+1 4 Z12+1 4 AC12+1 4 37 AE12+1 4 AH12+1 4 AJ12+1 4 AL12+1 4 AO12+1 4 AQ12+1 4 AS12+1 4 35 
 B13+1 5 E13+1 5 G13+1 5 J13+1 5 L13+1 5 N13+1 5 Q13+1 5 S13+1 5 V13+1 5 X13+1 5 Z13+1 5 AC13+1 5 AE13+1 5 AH13+1 5 37 AJ13+1 5 AL13+1 5 AO13+1 5 5 5 36 
 6 6 6 6 6 6 6 6 6 6 37 6 6 6 6 6 6 6 6 6 33 
 7 7 7 7 7 7 7 7 7 7 7 7 7 7 7 7 37 7 7 7 37 
 8 8 8 8 8 8 8 8 8 8 37 8 8 8 8 8 8 8 8 8 33 52 
 9 9 9 9 37 9 9 9 9 9 9 9 9 9 9 9 9 9 9 9 6 5 
 10 10 10 10 10 37 10 10 10 10 10 10 10 10 10 10 10 10 10 10 38 4 
 11 11 11 11 11 11 11 11 11 11 11 11 11 11 11 11 11 11 11 36 3 3 
 12 12 12 12 12 12 12 12 12 12 12 12 12 12 12 12 12 12 12 39 1 2 
 13 13 13 13 13 13 13 13 13 13 13 13 13 13 13 13 13 13 13 1 6 1 
 14 14 14 14 14 14 14 14 14 14 14 14 14 14 14 14 14 14 14 40 4 0 
 15 15 15 15 15 15 15 15 15 15 15 15 15 15 15 15 15 15 15 33 6 
 16 16 16 16 16 16 16 16 16 16 16 16 16 16 16 16 16 16 16 39 5 
 17 17 17 17 17 17 17 17 17 17 17 17 17 17 17 17 17 17 17 41 4 
 18 18 18 18 18 18 18 18 18 18 18 18 18 18 18 18 18 18 18 5 
 19 19 19 19 19 19 19 19 19 19 19 19 19 19 19 19 19 19 19 1 
 20 20 20 20 20 20 20 20 20 20 20 20 20 20 20 20 20 20 20 1 
 21 21 21 21 21 21 21 21 21 21 21 21 21 21 21 21 21 21 21 42 
 22 22 22 22 22 22 22 22 22 22 22 22 22 22 22 22 22 22 22 5 
 23 23 23 23 23 23 23 23 23 23 23 23 23 23 23 23 23 23 23 39 5 
 24 24 24 24 24 24 24 24 24 24 24 24 24 24 24 24 24 24 24 35 4 
 25 25 25 25 25 25 25 25 25 25 25 25 25 25 25 25 25 25 25 43 3 
 26 26 26 26 26 26 26 26 26 26 26 26 26 26 26 26 26 26 26 44 2 
 27 27 27 27 27 27 27 27 27 27 27 27 27 27 27 27 27 27 27 44 1 
 28 28 28 28 28 28 28 28 28 28 28 28 28 28 28 28 28 28 28 45 0 
 29 29 29 29 29 29 29 29 29 29 29 29 29 29 29 29 29 29 29 35 6 
 30 30 30 30 30 30 30 30 30 30 30 30 30 30 30 30 30 30 30 46 5 
 31 31 31 31 31 31 31 31 31 31 31 31 31 31 31 31 31 31 31 6 4 
 32 32 32 32 32 32 32 32 32 32 32 32 32 32 32 32 32 32 32 34 
 33 33 33 33 33 33 33 33 33 33 33 33 33 33 33 33 33 33 33 40 
 34 34 34 34 34 34 34 34 34 34 34 34 34 34 34 34 34 34 34 40 
 35 35 35 35 35 35 35 35 35 35 35 35 35 35 35 35 35 35 35 33 
 36 36 36 36 36 36 36 36 36 36 36 36 36 36 36 36 36 36 36 47 
 37 37 37 37 37 37 37 37 37 37 37 37 37 37 37 37 37 37 37 42 
 38 38 38 38 38 38 38 38 38 38 38 38 38 38 38 38 38 38 38 47 
 39 39 39 39 39 39 39 39 39 39 39 39 39 39 39 39 39 39 39 44 
 40 40 40 40 40 40 40 40 40 40 40 40 40 40 40 40 40 40 40 40 
 41 41 41 41 41 41 41 41 41 41 41 41 41 41 41 41 41 41 41 48 
 42 42 42 42 42 42 42 42 42 42 42 42 42 42 42 42 42 42 42 44 
 43 43 43 43 43 43 43 43 43 43 43 43 43 43 43 43 43 43 43 40 
 44 44 44 44 44 44 44 44 44 44 44 44 44 44 44 44 44 44 44 40 
 45 45 45 45 45 45 45 45 45 45 45 45 45 45 45 45 45 45 45 4 
 46 46 46 46 46 46 46 46 46 46 46 46 46 46 46 46 46 46 46 34 
 47 47 47 47 47 47 47 47 47 47 47 47 47 47 47 47 47 47 47 49 
 48 48 48 48 48 48 48 48 48 48 48 48 48 48 48 48 48 48 48 49 
 49 49 49 49 49 49 49 49 49 49 49 49 49 49 49 49 49 49 49 42 
 50 50 50 50 50 50 50 50 50 50 50 50 50 50 50 50 50 50 50 0 
 51 51 51 51 51 51 51 51 51 51 51 51 51 51 51 51 51 51 51 47 
 52 52 52 52 52 52 52 52 52 52 52 52 52 52 52 52 52 52 52 48 
 53 53 53 53 53 53 53 53 53 53 53 53 53 53 53 53 53 53 53 34 
 54 54 54 54 54 54 54 54 54 54 54 54 54 54 54 54 54 54 54 39 
 55 55 55 55 55 55 55 55 55 55 55 55 55 55 55 55 55 55 55 36 
 56 56 56 56 56 56 56 56 56 56 56 56 56 56 56 56 56 56 56 3 
 57 57 57 57 57 57 57 57 57 57 57 57 57 57 57 57 57 57 57 41 
 58 58 58 58 58 58 58 58 58 58 58 58 58 58 58 58 58 58 58 0 
 59 59 59 59 59 59 59 59 59 59 59 59 59 59 59 59 59 59 59 42 
 60 60 60 60 60 60 60 60 60 60 60 60 60 60 60 60 60 60 60 41 
 61 61 61 61 61 61 61 61 61 61 61 61 61 61 61 61 61 61 61 46 
 62 62 62 62 62 62 62 62 62 62 62 62 62 62 62 62 62 62 62 5 
 63 63 63 63 63 63 63 63 63 63 63 63 63 63 63 63 63 63 63 1 
 64 64 64 64 64 64 64 64 64 64 64 64 64 64 64 64 64 64 64 46 
 65 65 65 65 65 65 65 65 65 65 65 65 65 65 65 65 65 65 65 50 
 66 66 66 66 66 66 66 66 66 66 66 66 66 66 66 66 66 66 66 45 
 67 67 67 67 67 67 67 67 67 67 67 67 67 67 67 67 67 67 67 43 
 68 68 68 68 68 68 68 68 68 68 68 68 68 68 68 68 68 68 68 47 
 B77+1 69 E77+1 69 G77+1 69 J77+1 69 L77+1 69 N77+1 69 Q77+1 69 S77+1 69 V77+1 69 X77+1 69 Z77+1 69 AC77+1 69 AE77+1 69 AH77+1 69 AJ77+1 69 AL77+1 69 AO77+1 69 69 69 47 
 70 70 70 70 70 70 70 70 70 70 70 70 70 70 70 70 70 70 70 51 
 71 71 71 71 71 71 71 71 71 71 71 71 71 71 71 71 71 71 71 49 
 72 72 72 72 72 72 72 72 72 72 72 72 72 72 72 72 72 72 72 5 
 73 73 73 73 73 73 73 73 73 73 73 73 73 73 73 73 73 73 73 45 
 74 74 74 74 74 74 74 74 74 74 74 74 74 74 74 74 74 74 74 34 
 75 75 75 75 75 75 75 75 75 75 75 75 75 75 75 75 75 75 75 42 
 76 76 76 76 76 76 76 76 76 76 76 76 76 76 76 76 76 76 76 6 
 77 77 77 77 77 77 77 77 77 77 77 77 77 77 77 77 77 77 77 3 
 78 78 78 78 78 78 78 78 78 78 78 78 78 78 78 78 78 78 78 34 
 79 79 79 79 79 79 79 79 79 79 79 79 79 79 79 79 79 79 79 49 
 80 80 80 80 80 80 80 80 80 80 80 80 80 80 80 80 80 80 80 37 
 81 81 81 81 81 81 81 81 81 81 81 81 81 81 81 81 81 81 81 47 
 82 82 82 82 82 82 82 82 82 82 82 82 82 82 82 82 82 82 82 48 
 83 83 83 83 83 83 83 83 83 83 83 83 83 83 83 83 83 83 83 2 
 84 84 84 84 84 84 84 84 84 84 84 84 84 84 84 84 84 84 84 3 
 85 85 85 85 85 85 85 85 85 85 85 85 85 85 85 85 85 85 85 41 
 86 86 86 86 86 86 86 86 86 86 86 86 86 86 86 86 86 86 86 6 
 87 87 87 87 87 87 87 87 87 87 87 87 87 87 87 87 87 87 87 34 
 88 88 88 88 88 88 88 88 88 88 88 88 88 88 88 88 88 88 88 36 
 89 89 89 89 89 89 89 89 89 89 89 89 89 89 89 89 89 89 89 38 
 90 90 90 90 90 90 90 90 90 90 90 90 90 90 90 90 90 90 90 36 
 91 91 91 91 91 91 91 91 91 91 91 91 91 91 91 91 91 91 91 0 
 92 92 92 92 92 92 92 92 92 92 92 92 92 92 92 92 92 92 92 36 
 93 93 93 93 93 93 93 93 93 93 93 93 93 93 93 93 93 93 93 4 
 94 94 94 94 94 94 94 94 94 94 94 94 94 94 94 94 94 94 94 34 
 95 95 95 95 95 95 95 95 95 95 95 95 95 95 95 95 95 95 95 2 
 96 96 96 96 96 96 96 96 96 96 96 96 96 96 96 96 96 96 96 0 
 35 
 
 
 
 
 
 
 
 
 
 
 
 
 
 
 
 
 
 
 
 
 
 
 
 
 
 
 
 
 
 
 
 
 
 
 
 
 
 
 
 
 
 
 
 
 
 
 
 
 
## xl/worksheets/sheet3.xml
 
 33 1 34 35 
 36 33 37 33 6 38 36 39 1 40 33 39 41 5 1 1 42 5 39 35 43 44 44 45 35 46 6 34 40 40 33 
 47 42 47 44 40 48 44 40 40 4 34 49 49 42 0 47 48 34 39 36 3 41 0 42 41 46 5 1 46 50 45 
 43 47 47 51 49 5 45 34 42 6 3 34 49 37 47 48 2 3 41 6 34 36 38 36 0 36 4 34 2 0 35 
 1 2 3 4 5 6 7 8 9 10 11 12 13 14 15 16 17 18 19 20 21 22 23 24 25 26 27 28 29 30 31 
 