User                                                                                                         B
LJr38
"$"#,##0_);\("$"#,##0\)
"$"#,##0_);[Red]\("$"#,##0\)
"$"#,##0.00_);\("$"#,##0.00\)
"$"#,##0.00_);[Red]\("$"#,##0.00\)
_("$"* #,##0_);_("$"* \(#,##0\);_("$"* "-"_);_(@_)
_(* #,##0_);_(* \(#,##0\);_(* "-"_);_(@_)
_("$"* #,##0.00_);_("$"* \(#,##0.00\);_("$"* "-"??_);_(@_)
_(* #,##0.00_);_(* \(#,##0.00\);_(* "-"??_);_(@_)
 ""@ @ 
working page
text
Sheet3
keyword
kryptosa
FOOWKCNJOTTIRJPHSNUTONQZGEBPDKPRUHVIKQUDZSKLZLVAWFTTYWKFWGZUEJUSLCMTBIGQQXBRLGBBDKSWASSOAIARKUXFK
bit position
Solution
MbP?_
@P@(
@Q@(
kryptos
01010
00101
00000~
00000
AWISEMANWY~
AWISEMANWY
AWISEMANWY
AWISEMANWYLLMAKEMOREOPPORTUNITIESTHANHEFINDSXBACON      
01010
00101
00001
10110
WISEMANWYL
LLMAKEMORE
LLMAKEMORE
01010
00101
00010
01000
ISEMANWYLL
OPPORTUNIT
OPPORTUNIT
01010
00101
00101
10010
SEMANWYLLM
IESTHANHEF
IESTHANHEF
IESTHANHEFINDSXBACON      
01010
00101
01011
00100
EMANWYLLMA
INDSXBACON
INDSXBACON
INDSXBACON      
10001
01110
10110
01100
MANWYLLMAK
      
10001
01110
01100
00000
ANWYLLMAKE
     
10001
01110
11001
01101
NWYLLMAKEM
    
10001
01110
10010
10110
WYLLMAKEMO
10001
01110
00100
11000
YLLMAKEMOR
11000
01110
01000
01011
LLMAKEMORE
11000
01110
10001
01011
LMAKEMOREO
11000
01110
00010
01100
MAKEMOREOP
11000
01110
00100
00000
AKEMOREOPP
11000
01110
01001
01010
KEMOREOPPO
01111
10110
10010
00100
EMOREOPPOR
01111
10110
00100
01100
MOREOPPORT
01111
10110
01000
01110
OREOPPORTU
01111
10110
10001
10001
REOPPORTUN
01111
10110
00010
00100
EOPPORTUNI
10011
01010
00100
01110
OPPORTUNIT
10011
01010
01000
01111
PPORTUNITI
10011
01010
10001
01111
PORTUNITIE
10011
01010
00011
01110
ORTUNITIES
10011
01010
00110
10001
RTUNITIEST
01110
00010
01100
10011
TUNITIESTH
01110
00010
11000
10100
UNITIESTHA
01110
00010
10000
01101
NITIESTHAN
01110
00010
00000
01000
ITIESTHANH
01110
00010
00000
10011
TIESTHANHE
10010
01101
00000
01000
IESTHANHEF
10010
01101
00000
00100
ESTHANHEFI
10010
01101
00001
10010
STHANHEFIN
10010
01101
00011
10011
THANHEFIND
10010
01101
00110
00111
HANHEFINDS
01010
01001
01101
00000
ANHEFINDSX
01010
01001
11011
01101
NHEFINDSXB
01010
01001
10110
00111
HEFINDSXBA
01010
01001
01101
00100
EFINDSXBAC
01010
01001
11011
00101
FINDSXBACO
10001
01110
10110
01000
INDSXBACON
10001
01110
01101
01101
10001
01110
11011
00011
10001
01110
10110
10010
10001
01110
01100
10111
11000
10011
11000
00001
11000
10011
10000
00000
11000
10011
00001
00010
11000
10011
00010
01110
11000
10011
00101
01101
01111
10011
01011
01111
10011
10110
01111
10011
01101
01111
10011
11010
01111
10011
10101
10011
01000
01011
10011
01000
10110
10011
01000
01101
10011
01000
11011
10011
01000
10110
01110
10001
01100
01110
10001
11000
01110
10001
10000
01110
10001
00000
01110
10001
00000
10010
01001
00000
10010
01001
00000
10010
01001
00001
10010
01001
00010
10010
01001
00101
01010
01111
01010
01010
01111
10100
01010
01111
01000
01010
01111
10001
01010
01111
00010
10001
00111
00100
10001
00111
01000
10001
00111
10001
10001
00111
00011
10001
00111
00110
11000
10010
01100
11000
10010
11000
11000
10010
10001
11000
10010
00011
11000
10010
00111
01111
01101
01110
01111
01101
11101
01111
01101
11010
01111
01101
10100
01111
01101
01000
10011
10100
10001
0|@(
10011
10100
00010
@W@(
10011
10100
00100
10011
10100
01001
 }@(
10011
10100
10010
p}@(
01110
10011
00100
@X@(
01110
10011
01000
01110
10011
10001
`~@(
01110
10011
00011
01110
10011
00111
@Y@(
10010
01110
01110
10010
01110
11100
10010
01110
11001
10010
01110
10011
@Z@(
10010
01110
00111
01010
01101
01111
01010
01101
11110
01010
01101
11101
01010
01101
11011
01010
01101
10111
10001
10000
01111
10001
10000
11110
10001
10000
11101
10001
10000
11011
10001
10000
10111
11000
11001
01110
11000
11001
11101
11000
11001
11010
11000
11001
10100
11000
11001
01000
01111
00110
10001
01111
00110
00011
01111
00110
00110
01111
00110
01100
01111
00110
11001
10011
00100
@P@ 
10011
10011
00100
00111
10011
00100
01110
10011
00100
11101
10011
00100
11010
01110
00001
10100
01110
00001
01000
01110
00001
@Q@ 
10001
01110
00001
00011
01110
00001
00110
10010
01111
01101
10010
01111
11010
10010
01111
10101
10010
01111
01010
10010
01111
10100
01010
00011
01000
01010
00011
@R@ 
10001
01010
00011
00010
01010
00011
00100
01010
00011
01001
10001
01010
10011
10001
01010
00110
10001
01010
01101
10001
01010
11010
10001
01010
10100
11000
01111
@S@ 
01000
11000
01111
10000
11000
01111
00000
11000
01111
00001
11000
01111
00010
01111
10001
00100
01111
10001
01001
01111
10001
10010
01111
10001
@T@ 
00100
01111
10001
01001
10011
10100
10010
10011
10100
00101
10011
10100
01010
10011
10100
10100
10011
10100
@U@ 
01001
01110
00111
10011
01110
00111
00110
01110
00111
01100
01110
00111
11001
01110
00111
10011
10010
10101
@V@ 
00111
10010
10101
01110
10010
10101
11100
10010
10101
11000
10010
10101
10000
01010
01000
00000
01010
01000
00000
01010
01000
00001
01010
01000
00011
01010
01000
00110
10001
01010
@W@ 
01101
10001
01010
11010
10001
01010
10100
10001
01010
01001
10001
01010
10011
11000
10000
00111
11000
10000
01110
11000
10000
11100
11000
10000
11001
11000
10000
10010
01111
10100
00100
01111
10100
@X@ 
01000
01111
10100
10000
01111
10100
00001
01111
10100
00010
10011
00011
@Y@ 
00101
10011
00011
01010
10011
00011
10101
10011
00011
01010
10011
00011
10100
01110
11001
01000
01110
11001
10000
01110
11001
@Z@ 
00001
01110
11001
00011
01110
11001
00110
10010
10010
01101
10010
10010
11010
10010
10010
10100
10010
10010
01000
10010
10010
10001
01010
01010
00011
01010
01010
@[@ 
00111
01010
01010
01110
01010
01010
11100
01010
01010
11001
10001
01011
10010
10001
01011
00101
10001
01011
01010
10001
01011
10101
10001
01011
01011
11000
11001
@\@ 
10111
11000
11001
01110
11000
11001
11100
11000
11001
11000
11000
11001
10000
01111
01011
00001
01111
01011
00010
01111
01011
00100
01111
01011
@]@ 
01000
01111
01011
10000
10011
10101
00000
10011
10101
00000
10011
10101
00000
10011
10101
00000
10011
10101
@^@ 
00001
01110
00000
00010
01110
00000
00100
01110
00000
01001
01110
00000
10011
01110
00000
00111
10010
10110
@_@ 
01110
10010
10110
11100
10010
10110
11001
10010
10110
10011
10010
10110
00110
01010
00101
01101
01010
00101
01010
00101
 o@(
01010
00101
@o@(
01010
00101
`o@(
10001
10011
 `@ 
10001
10011
10001
10011
10001
10011
10001
10011
@`@ 
11000
10011
``@ 
11000
10011
 p@(
11000
10011
0p@(
11000
10011
@p@(
11000
10011
Pp@(
01111
11000
`p@(
01111
11000
pp@(
01111
11000
01111
11000
01111
11000
10011
10110
 a@ 
10011
10110
10011
10110
10011
10110
@a@ 
10011
10110
`a@ 
01110
01010
01110
01010
01110
01010
 q@(
01110
01010
0q@(
01110
01010
@q@(
10010
00101
Pq@(
10010
00101
`q@(
10010
00101
pq@(
10010
00101
10010
00101
01010
10110
01010
10110
 b@ 
01010
10110
01010
10110
@b@ 
01010
10110
10001
00110
`b@ 
10001
00110
10001
00110
10001
00110
 r@(
10001
00110
0r@(
11000
11001
@r@(
11000
11001
Pr@(
11000
11001
`r@(
11000
11001
pr@(
11000
11001
01111
10100
01111
10100
01111
10100
01111
10100
 c@ 
01111
10100
@c@ 
10011
00100
`c@ 
10011
00100
10011
00100
10011
00100
10011
00100
 s@(
01110
01001
0s@(
01110
01001
@s@(
01110
01001
Ps@(
01110
01001
`s@(
01110
01001
ps@(
10010
10100
 d@ 
10010
10100
10010
10100
10010
10100
@d@ 
10010
10100
01010
10010
01010
10010
`d@ 
01010
10010
01010
10010
01010
10010
10001
@P@(
01011
 t@(
10001
@P@(
01011
0t@(
10001
@P@(
01011
@t@(
10001
@P@(
01011
Pt@(
10001
@P@(
01011
`t@(
11000
00010
pt@(
11000
00010
11000
00010
11000
00010
11000
00010
01111
01100
01111
01100
 e@ 
01111
01100
@e@ 
01111
01100
`e@ 
01111
01100
10011
10011
10011
10011
 u@(
10011
10011
0u@(
10011
10011
@u@(
10011
10011
Pu@(
01110
@Q@(
00001
`u@(
01110
@Q@(
00001
pu@(
01110
@Q@(
00001
 f@ 
01110
@Q@(
00001
@f@ 
01110
@Q@(
00001
10010
01000
`f@ 
10010
01000
10010
01000
10010
01000
10010
01000
01010
00110
01010
00110
01010
00110
 v@(
01010
00110
0v@(
01010
00110
@v@(
10001
10000
Pv@(
10001
10000
`v@(
10001
10000
pv@(
10001
10000
10001
10000
11000
@R@(
10000
 g@ 
11000
@R@(
10000
@g@ 
11000
@R@(
10000
11000
@R@(
10000
11000
@R@(
10000
01111
10111
01111
10111
`g@ 
01111
10111
01111
10111
 w@(
01111
10111
0w@(
10011
00001
@w@(
10011
00001
Pw@(
10011
00001
`w@(
10011
00001
pw@(
10011
00001
 h@ 
01110
10001
01110
10001
@h@ 
01110
10001
`h@ 
01110
10001
01110
10001
10010
@S@(
01011
10010
@S@(
01011
10010
@S@(
01011
10010
@S@(
01011
10010
@S@(
01011
 x@(
01010
00110
0x@(
01010
00110
@x@(
01010
00110
Px@(
01010
00110
`x@(
01010
00110
px@(
10001
00001
 i@ 
10001
00001
10001
00001
10001
00001
10001
00001
@i@ 
11000
00001
`i@ 
11000
00001
11000
00001
11000
00001
11000
00001
01111
@T@(
00011
 y@(
01111
@T@(
00011
0y@(
01111
@T@(
00011
@y@(
01111
@T@(
00011
Py@(
01111
@T@(
00011
`y@(
10011
01010
 j@ 
py@(
10011
01010
10011
01010
10011
01010
@j@ 
10011
01010
`j@ 
01110
10010
01110
10010
01110
10010
01110
10010
01110
10010
10010
10110
10010
10110
10010
10110
10010
10110
10010
10110
01010
@U@(
00000
01010
@U@(
00000
 k@ 
01010
@U@(
00000
01010
@U@(
00000
@k@ 
01010
@U@(
00000
10001
10010
`k@ 
10001
10010
10001
10010
10001
10010
10001
10010
11000
10010
11000
10010
11000
10010
11000
10010
11000
10010
01111
01110
01111
01110
01111
01110
01111
01110
 l@ 
01111
01110
@l@ 
10011
00000
`l@ 
10011
00000
10011
00000
10011
00000
10011
00000
01110
01000
01110
01000
01110
01000
01110
01000
01110
01000
10010
00000
 m@ 
10010
00000
10010
00000
10010
00000
@m@ 
10010
00000
01010
10001
01010
10001
`m@ 
01010
10001
01010
10001
01010
10001
10001
01010
10001
01010
10001
01010
10001
01010
10001
01010
11000
10100
11000
10100
11000
10100
11000
10100
11000
10100
01111
10111
01111
10111
 n@ 
01111
10111
@n@ 
01111
10111
`n@ 
01111
10111
10011
00101
10011
00101
10011
00101
10011
00101
10011
00101
01110
01010
01110
01010
01110
01010
 o@ 
01110
01010
@o@ 
01110
01010
AWISEMANWYLLMAKEMOREOPPORTUNITIESTHANHEFINDSXBACON      <
MbP?_
?ESU
00000
00001
00010
00011
00100
00101
00110
00111
01000
01001
01010
01011
01100
01101
01110
01111
10000
10001
10010
10011
10100
10101
10110
10111
11000
11001
11010
11011
11100
11101
11110
11111
111>
MbP?_
User
User
Microsoft Excel
NIST
working page
text
Sheet3
Worksheets
Arial1
Arial1
Arial1
Arial1
Arial
RICOH Aficio 3235C PCL 5c
Letter (8.5" x 11")
RICOH Aficio 3235C PCL 5c
LPT1:
Default
Root Entry
Workbook
SummaryInformation
DocumentSummaryInformation