## xl/sharedStrings.xml
 
 Num Key E N D Y A H R O L S C P T I B CT2 Q U W G V K J F X M CT1 Z Key2 key3 ct CT3 CT ave STD MAX Trials 
## xl/worksheets/sheet1.xml
 
 0 1 1 2 3 4 5 6 7 8 9 10 11 12 13 14 15 16 17 18 19 20 21 22 23 24 25 26 27 28 29 30 31 32 33 
 1 2 3 4 5 6 7 8 9 7 3 10 11 8 7 2 9 12 13 14 2 9 15 16 15 4 5 11 7 3 6 15 6 12 
 17 13 6 10 18 19 13 20 9 7 21 22 10 6 11 13 23 24 25 16 6 26 25 10 8 19 18 8 13 8 27 21 23 11 
 28 9 16 23 8 19 9 26 9 21 7 19 10 16 11 9 10 15 25 16 16 20 25 10 8 22 18 18 13 8 3 21 23 11 
 
 0 34 35 36 37 38 39 40 41 42 43 44 45 46 47 48 49 50 51 52 53 54 55 56 57 58 59 60 61 62 63 64 65 
 1 7 14 3 8 2 5 19 10 4 11 10 10 11 10 10 3 9 7 11 3 9 11 27 8 20 26 27 3 2 14 13 8 
 17 11 13 11 26 11 18 14 15 18 11 11 2 10 29 5 20 16 14 15 10 23 22 12 15 6 20 24 3 25 16 27 29 
 28 11 9 14 20 14 18 11 24 18 11 11 2 23 29 29 20 6 14 24 23 10 19 4 15 6 20 15 3 25 16 3 5 
 
 0 66 67 68 69 70 71 72 73 74 75 76 77 78 79 80 81 82 83 84 85 86 87 88 89 90 91 92 93 94 95 96 97 
 1 3 21 6 14 15 7 3 8 6 8 13 2 11 10 3 3 2 10 2 16 10 13 15 15 6 12 6 2 20 27 14 20 
 17 13 22 14 11 3 29 25 9 23 20 7 12 10 29 26 14 15 4 12 15 21 23 22 21 19 6 19 2 23 12 16 18 
 28 13 22 14 14 27 29 25 13 23 20 21 4 23 29 26 14 24 12 4 15 21 23 19 7 19 6 19 2 23 12 6 8 
 
## xl/worksheets/sheet2.xml
 
 1 30 31 32 17 33 I156 0.10807560137457045 1 17 6 16 12 4 2 25 21 7 15 24 23 10 27 3 9 13 18 8 11 14 19 22 20 26 5 29 
 2 25 2 9 13 13 2 13 IF($H2=J$1,$I2," ") IF($H2=K$1,$I2," ") P 
 3 3 27 16 6 6 3 6 IF($H3=J$1,$I3," ") A 
 4 12 4 23 10 10 4 10 L 
 5 5 29 8 18 18 5 18 Q 
 6 16 6 19 19 22 6 19 U 
 7 7 21 9 13 9 7 13 P 
 8 18 8 26 20 20 8 20 W 
 9 13 13 9 9 13 9 9 O 
 7 7 21 21 7 21 7 7 H 
 3 3 3 7 21 21 3 21 G 
 10 23 10 19 22 22 10 22 IF($H12=P$1,$I12," ") V IF($H12=AF$1,$I12," ") 
 11 14 14 10 10 23 11 10 L 
 8 8 18 16 6 16 8 6 A 
 7 21 7 11 11 14 7 11 S 
 2 2 25 9 13 9 2 13 P 
 9 9 9 10 23 23 9 23 K 
 12 4 12 15 24 24 12 24 J 
 13 13 9 25 25 2 13 25 F 
 14 11 14 16 16 16 14 16 B 
 2 2 25 16 6 16 2 6 A 
 9 9 9 20 26 26 9 26 X 
 15 24 15 25 25 2 15 25 F 
 16 6 6 10 10 10 16 10 L 
 15 24 24 8 8 8 15 8 R 
 4 12 12 22 19 22 4 19 U 
 5 5 29 18 18 8 5 18 Q 
 11 14 11 18 8 18 11 8 IF($H28=O$1,$I28," ") R 
 7 7 21 13 13 9 7 13 IF($H29=J$1,$I29," ") P 
 3 27 3 8 8 8 3 8 R 
 6 6 16 3 27 3 6 27 M 
 15 15 15 21 21 7 15 21 G 
 6 6 6 23 23 23 6 23 K 
 12 4 12 11 11 11 12 11 S 
 7 7 21 11 11 11 7 11 S 
 14 14 14 9 13 9 14 13 P 
 3 3 3 14 11 11 3 11 S 
 8 18 8 20 26 26 8 26 X 
 2 2 25 14 11 11 2 11 S 
 5 5 5 18 18 8 5 18 Q 
 19 22 19 11 14 11 19 14 T 
 10 10 23 24 15 15 10 15 I 
 4 12 4 18 18 8 4 18 Q 
 11 14 14 11 11 11 11 11 IF($H44=Y$1,$I44," ") S 
 10 10 23 11 11 11 10 11 IF($H45=J$1,$I45," ") S 
 10 23 10 2 2 2 10 2 E 
 11 14 14 23 10 23 11 10 L 
 10 10 23 29 29 5 10 29 Z 
 10 10 10 29 5 29 10 5 Y 
 3 27 3 20 20 26 3 20 W 
 9 13 13 6 16 6 9 16 B 
 7 21 21 14 14 11 7 14 T 
 11 14 14 24 15 24 11 15 I 
 3 27 27 23 10 10 3 10 L 
 9 9 13 10 23 23 9 23 K 
 11 11 11 19 22 22 11 22 V 
 27 3 27 4 12 12 27 12 C 
 8 18 18 15 15 24 8 15 I 
 20 26 26 6 6 6 20 6 A 
 26 20 20 20 20 20 26 20 IF($H60=Y$1,$I60," ") W 
 27 3 3 15 24 15 27 24 IF($H61=J$1,$I61," ") J 
 3 27 27 3 3 27 3 3 N 
 2 25 25 25 25 25 2 25 F 
 14 14 11 16 16 16 14 16 B 
 13 13 13 3 27 3 13 27 M 
 8 8 8 5 29 29 8 29 Z 
 3 27 3 13 13 9 3 13 P 
 21 21 7 22 22 22 21 22 V 
 6 16 6 14 14 14 6 14 T 
 14 11 11 14 11 14 14 11 S 
 15 24 24 27 3 3 15 3 N 
 7 7 21 29 29 5 7 29 Z 
 3 3 3 25 25 25 3 25 F 
 8 18 8 13 9 13 8 9 O 
 6 16 16 23 23 10 6 23 K 
 8 8 18 20 20 20 8 20 IF($H76=Y$1,$I76," ") W 
 13 9 13 21 7 21 13 7 IF($H77=J$1,$I77," ") H 
 2 2 25 4 12 12 2 12 C 
 11 14 11 23 10 10 11 10 L 
 10 10 23 29 29 5 10 29 Z 
 3 3 3 26 26 26 3 26 X 
 3 27 3 14 14 14 3 14 T 
 2 25 25 24 15 24 2 15 I 
 10 23 23 12 4 4 10 4 D 
 2 25 25 4 12 12 2 12 C 
 16 16 6 15 15 24 16 15 I 
 10 10 10 21 21 21 10 21 G 
 13 9 13 23 23 23 13 23 K 
 15 15 24 19 22 19 15 22 V 
 15 15 15 7 21 21 15 21 G 
 6 6 6 19 19 22 6 19 U 
 12 12 12 6 6 6 12 6 A IF($H92=Y$1,$I92," ") 
 6 6 6 19 19 19 6 19 IF($H93=J$1,$I93," ") U 
 2 2 2 2 2 2 2 2 E 
 20 20 20 23 23 23 20 23 K 
 27 3 27 12 12 12 27 12 C 
 14 11 11 6 16 6 14 16 B 
 20 20 26 8 18 18 20 18 Q 
 6 16 12 4 2 25 21 7 15 24 23 10 27 3 9 13 18 8 11 14 19 22 20 26 5 29 
 SUM(J100:AI100) 5 6 COUNTIF(J$2:J$98,$I100) 0 COUNTIF(K$2:K$98,$I100) 0 1 0 1 0 0 0 0 0 0 0 0 1 0 0 0 1 0 0 0 0 1 0 0 0 
 SUM(J101:AI101) 4 16 COUNTIF(J$2:J$98,$I101) 0 0 0 0 0 0 0 0 0 0 0 0 0 0 1 0 0 0 0 3 0 0 0 0 0 0 
 4 12 0 0 0 0 2 0 0 0 0 0 0 0 2 0 0 0 0 0 0 0 0 0 0 0 0 0 
 1 4 0 0 0 0 0 0 0 0 0 0 0 1 0 0 0 0 0 0 0 0 0 0 0 0 0 0 
 34 2 2 0 0 0 0 1 0 0 0 0 0 0 1 0 0 0 0 0 0 0 0 0 0 0 0 0 0 
 4 25 0 0 0 0 1 0 0 0 1 0 0 0 0 1 0 1 0 0 0 0 0 0 0 0 0 0 
 4 21 0 0 0 0 0 0 0 0 2 0 0 1 0 1 0 0 0 0 0 0 0 0 0 0 0 0 
 2 7 0 0 0 0 0 0 0 1 0 0 0 0 0 0 0 1 0 0 0 0 0 0 0 0 0 0 
 5 15 0 1 0 0 1 0 0 0 0 0 0 1 0 0 0 0 0 1 1 0 0 0 0 0 0 0 
 2 24 0 0 1 0 0 0 0 0 0 0 0 0 1 0 0 0 0 0 0 0 0 0 0 0 0 0 
 6 23 2 0 0 0 0 0 COUNTIF(P$2:P$98,$I110) 0 0 0 0 0 0 0 0 2 1 0 0 0 0 0 0 COUNTIF(AF$2:AF$98,$I110) 1 0 0 0 
 6 10 0 1 0 1 0 0 0 0 0 0 0 0 0 1 0 0 0 0 3 0 0 0 0 0 0 0 
 2 27 1 0 0 0 0 0 0 0 0 0 0 0 0 0 0 1 0 0 0 0 0 0 0 0 0 0 
 2 3 0 0 0 0 0 0 0 0 1 0 0 0 0 1 0 0 0 0 0 0 0 0 0 0 0 0 
 2 9 0 0 0 0 0 0 0 0 0 0 0 0 0 0 1 0 0 1 0 0 0 0 0 0 0 0 
 6 13 0 0 0 0 2 0 0 2 0 0 0 0 0 1 0 0 0 0 0 1 0 0 0 0 0 0 
 5 18 0 0 0 1 0 0 0 0 0 0 0 0 0 0 0 0 0 0 0 0 0 0 1 0 3 0 
 3 8 0 0 0 0 0 0 0 0 1 0 0 0 0 1 0 0 0 0 1 0 0 0 0 0 0 0 
 8 11 0 0 1 0 1 0 0 2 0 0 0 1 0 1 0 0 0 0 1 1 0 0 0 0 0 0 
 4 14 1 0 0 0 0 0 0 1 0 0 0 0 0 1 0 0 0 0 0 0 1 0 0 0 0 0 
 4 19 3 0 0 1 0 0 0 0 0 0 0 0 0 0 0 0 0 0 0 0 0 0 0 0 0 0 
 4 22 0 0 0 0 0 0 1 0 1 0 0 1 0 0 0 0 0 0 1 0 0 0 0 0 0 0 
 4 20 0 0 0 0 0 0 0 0 0 0 0 0 0 1 0 0 0 2 0 0 0 0 0 1 0 0 
 3 26 0 0 0 0 0 0 0 0 0 0 0 0 0 1 1 0 0 1 0 0 0 0 0 0 0 0 
 1 5 0 0 0 0 0 0 0 0 0 0 0 1 0 0 0 0 0 0 0 0 0 0 0 0 0 0 
 4 29 0 0 0 0 0 0 0 1 0 0 0 2 0 0 0 0 0 1 0 0 0 0 0 0 0 0 
 6 J100*(J100-1) 0 K100*(K100-1) 0 0 0 0 0 0 0 0 0 0 0 0 0 0 0 0 0 0 0 0 0 0 0 0 0 
 16 J101*(J101-1) 0 0 0 0 0 0 0 0 0 0 0 0 0 0 0 0 0 0 0 6 0 0 0 0 0 0 
 12 0 0 0 0 2 0 0 0 0 0 0 0 2 0 0 0 0 0 0 0 0 0 0 0 0 0 
 4 0 0 0 0 0 0 0 0 0 0 0 0 0 0 0 0 0 0 0 0 0 0 0 0 0 0 
 2 0 0 0 0 0 0 0 0 0 0 0 0 0 0 0 0 0 0 0 0 0 0 0 0 0 0 
 25 0 0 0 0 0 0 0 0 0 0 0 0 0 0 0 0 0 0 0 0 0 0 0 0 0 0 
 21 0 0 0 0 0 0 0 0 2 0 0 0 0 0 0 0 0 0 0 0 0 0 0 0 0 0 
 7 0 0 0 0 0 0 0 0 0 0 0 0 0 0 0 0 0 0 0 0 0 0 0 0 0 0 
 15 0 0 0 0 0 0 0 0 0 0 0 0 0 0 0 0 0 0 0 0 0 0 0 0 0 0 
 24 0 0 0 0 0 0 0 0 0 0 0 0 0 0 0 0 0 0 0 0 0 0 0 0 0 0 
 23 2 0 0 0 0 0 0 0 0 0 0 0 0 0 2 0 0 0 0 0 0 AE110*(AE110-1) 0 0 0 0 0 
 10 J111*(J111-1) 0 0 0 0 0 0 0 0 0 0 0 0 0 0 0 0 0 0 6 0 0 0 0 0 0 0 
 27 0 0 0 0 0 0 0 0 0 0 0 0 0 0 0 0 0 0 0 0 0 0 0 0 0 0 
 3 0 0 0 0 0 0 0 0 0 0 0 0 0 0 0 0 0 0 0 0 0 0 0 0 0 0 
 9 0 0 0 0 0 0 0 0 0 0 0 0 0 0 0 0 0 0 0 0 0 0 0 0 0 0 
 13 0 0 0 0 2 0 0 2 0 0 0 0 0 0 0 0 0 0 0 0 0 0 0 0 0 0 
 18 0 0 0 0 0 0 0 0 0 0 0 0 0 0 0 0 0 0 0 0 0 0 0 0 6 0 
 8 0 0 0 0 0 0 0 0 0 0 0 0 0 0 0 0 0 0 0 0 0 0 0 0 0 0 
 11 0 0 0 0 0 0 0 2 0 0 0 0 0 0 0 0 0 0 0 0 0 0 0 0 0 0 
 14 0 0 0 0 0 0 0 0 0 0 0 0 0 0 0 0 0 0 0 0 0 0 0 0 0 0 
 19 6 0 0 0 0 0 0 0 0 0 0 0 0 0 0 0 0 0 0 0 0 AE120*(AE120-1) 0 0 0 0 0 
 22 J121*(J121-1) 0 0 0 0 0 0 0 0 0 0 0 0 0 0 0 0 0 0 0 0 0 0 0 0 0 0 
 20 0 0 0 0 0 0 0 0 0 0 0 0 0 0 0 0 0 2 0 0 0 0 0 0 0 0 
 26 0 0 0 0 0 0 0 0 0 0 0 0 0 0 0 0 0 0 0 0 0 0 0 0 0 0 
 5 0 0 0 0 0 0 0 0 0 0 0 0 0 0 0 0 0 0 0 0 0 0 0 0 0 0 
 29 0 0 0 0 0 0 0 0 0 0 0 2 0 0 0 0 0 0 0 0 0 0 0 0 0 0 
 SUM(J127:J152) 8 SUM(K127:K152) 0 0 0 4 0 0 4 2 0 0 2 2 0 2 0 0 2 6 6 0 0 0 0 6 0 
 SUM(J100:J125) 7 SUM(K100:K125) 2 3 3 9 0 1 7 6 0 0 9 3 11 5 4 0 7 7 5 1 0 3 1 3 0 
 J153/(J154-1)/97 1.3745704467353952E-2 K153/(K154-1)/97 0 0 0 5.1546391752577319E-3 0 #DIV/0! 6.8728522336769758E-3 4.1237113402061857E-3 0 0 2.5773195876288659E-3 1.0309278350515464E-2 0 5.1546391752577319E-3 0 0 3.4364261168384879E-3 1.0309278350515464E-2 1.5463917525773196E-2 #DIV/0! 0 0 #DIV/0! 3.0927835051546393E-2 0 
 SUM(J156:AI156) 0.10807560137457045 IF(J154>1,J155,0) 1.3745704467353952E-2 IF(K154>1,K155,0) 0 0 0 5.1546391752577319E-3 0 0 6.8728522336769758E-3 4.1237113402061857E-3 0 0 2.5773195876288659E-3 1.0309278350515464E-2 0 5.1546391752577319E-3 0 0 3.4364261168384879E-3 1.0309278350515464E-2 1.5463917525773196E-2 0 0 0 0 3.0927835051546393E-2 0 
 
## xl/worksheets/sheet3.xml
 
 35 AVERAGE(B3:K102) 3.6998797250859333E-2 36 STDEV(B3:K102) 1.2856835227197308E-2 37 MAX(B3:K102) 9.192439862542956E-2 5 B1+G1*D1 0.10128297338684587 
 38 1 2 3 4 5 6 7 8 9 10 
 1 3.0240549828178694E-2 3.7285223367697594E-2 3.0927835051546389E-2 2.8694158075601373E-2 3.9003436426116839E-2 2.0790378006872848E-2 3.0584192439862542E-2 4.9828178694158072E-2 3.6426116838487975E-2 2.1649484536082474E-2 
 1+A3 2 1.0652920962199311E-2 4.8625429553264606E-2 3.951890034364261E-2 5.0859106529209615E-2 3.1958762886597936E-2 1.8900343642611683E-2 6.9243986254295536E-2 4.312714776632303E-2 5.0859106529209629E-2 3.8487972508591067E-2 
 1+A4 3 3.7628865979381441E-2 3.6769759450171823E-2 2.4742268041237112E-2 3.2989690721649485E-2 4.9140893470790377E-2 2.9896907216494843E-2 3.711340206185567E-2 4.3127147766323023E-2 3.1958762886597943E-2 4.0893470790378007E-2 
 4 4.3470790378006871E-2 3.4707903780068723E-2 3.6597938144329899E-2 3.2989690721649478E-2 6.2886597938144329E-2 2.4914089347079036E-2 3.2817869415807562E-2 2.8350515463917529E-2 3.0240549828178694E-2 4.4845360824742261E-2 
 5 2.9725085910652923E-2 3.470790378006873E-2 4.2096219931271481E-2 2.74914089347079E-2 5.6357388316151211E-2 2.5429553264604811E-2 2.8522336769759446E-2 2.5257731958762887E-2 2.2336769759450172E-2 3.2302405498281783E-2 
 6 5.7903780068728525E-2 4.3470790378006871E-2 3.5223367697594501E-2 5.0515463917525774E-2 5.5326460481099661E-2 4.8797250859106529E-2 2.7147766323024056E-2 5.1718213058419241E-2 3.6426116838487975E-2 2.9725085910652919E-2 
 7 3.4536082474226799E-2 2.6116838487972509E-2 2.1305841924398626E-2 4.8797250859106529E-2 2.4226804123711337E-2 3.1443298969072164E-2 4.1237113402061855E-2 5.1546391752577324E-2 4.1580756013745702E-2 4.7594501718213063E-2 
 8 6.7010309278350513E-2 3.127147766323024E-2 4.1924398625429557E-2 2.989690721649485E-2 2.7663230240549831E-2 4.1580756013745702E-2 1.6323024054982815E-2 3.4192439862542952E-2 5.0343642611683857E-2 6.7182130584192437E-2 
 9 3.0584192439862542E-2 3.7628865979381441E-2 4.6219931271477672E-2 6.5979381443298971E-2 4.0893470790378E-2 3.608247422680412E-2 4.2955326460481093E-2 5.4467353951890035E-2 5.0515463917525774E-2 2.9896907216494843E-2 
 10 2.8522336769759446E-2 4.2096219931271474E-2 4.6048109965635735E-2 1.0137457044673538E-2 3.951890034364261E-2 7.3711340206185583E-2 1.9587628865979381E-2 3.3848797250859104E-2 2.9553264604810992E-2 1.6666666666666666E-2 
 11 2.2852233676975947E-2 4.6563573883161513E-2 3.4192439862542959E-2 3.0584192439862545E-2 2.4398625429553265E-2 2.6288659793814437E-2 4.5360824742268047E-2 7.560137457044673E-2 3.5567010309278349E-2 4.1924398625429557E-2 
 12 5.1890034364261164E-2 3.5223367697594501E-2 3.2989690721649485E-2 3.3161512027491409E-2 4.4845360824742268E-2 5.2577319587628867E-2 1.4776632302405498E-2 4.7594501718213063E-2 6.3745704467353961E-2 2.1821305841924397E-2 
 13 3.8316151202749144E-2 2.8865979381443297E-2 5.6872852233676982E-2 3.9175257731958762E-2 5.0859106529209615E-2 3.127147766323024E-2 4.4158075601374566E-2 3.2474226804123714E-2 2.1305841924398626E-2 3.6769759450171816E-2 
 14 3.4536082474226806E-2 4.5704467353951887E-2 3.7628865979381448E-2 3.4536082474226799E-2 6.0481099656357389E-2 3.8659793814432991E-2 3.6769759450171823E-2 3.8144329896907213E-2 2.9725085910652919E-2 4.415807560137458E-2 
 15 2.8522336769759449E-2 4.9999999999999996E-2 2.1649484536082474E-2 2.2508591065292093E-2 3.470790378006873E-2 5.5841924398625425E-2 5.6013745704467356E-2 2.0103092783505153E-2 2.9896907216494843E-2 2.6804123711340205E-2 
 16 3.2817869415807562E-2 3.3848797250859104E-2 2.1649484536082474E-2 2.2336769759450169E-2 3.5051546391752578E-2 5.859106529209622E-2 2.4226804123711341E-2 4.7422680412371132E-2 3.3505154639175257E-2 2.1993127147766325E-2 
 17 3.1271477663230247E-2 5.4982817869415813E-2 6.34020618556701E-2 5.4810996563573883E-2 3.608247422680412E-2 3.367697594501718E-2 4.3470790378006878E-2 5.1030927835051552E-2 2.0103092783505153E-2 5.3436426116838485E-2 
 18 5.9106529209621991E-2 4.5704467353951887E-2 2.1477663230240546E-2 4.8109965635738841E-2 2.7491408934707903E-2 2.9896907216494843E-2 4.2783505154639176E-2 1.563573883161512E-2 2.2164948453608245E-2 2.6116838487972513E-2 
 19 4.1237113402061855E-2 4.0034364261168388E-2 4.7079037800687284E-2 2.7147766323024056E-2 2.8350515463917522E-2 4.2783505154639176E-2 3.0068728522336767E-2 2.9209621993127148E-2 3.9003436426116846E-2 4.5532646048109977E-2 
 20 2.1305841924398626E-2 3.4192439862542952E-2 3.1615120274914088E-2 3.5738831615120273E-2 4.1580756013745702E-2 3.2474226804123707E-2 2.1305841924398626E-2 3.4192439862542952E-2 2.7147766323024056E-2 3.7285223367697594E-2 
 21 3.0756013745704466E-2 3.0756013745704466E-2 4.2268041237113398E-2 2.88659793814433E-2 2.9725085910652919E-2 4.1065292096219938E-2 2.1305841924398626E-2 5.378006872852234E-2 3.4536082474226806E-2 2.1649484536082474E-2 
 22 2.7663230240549827E-2 4.3298969072164954E-2 2.9037800687285224E-2 3.3161512027491416E-2 2.3539518900343639E-2 3.0412371134020618E-2 4.8109965635738834E-2 4.5189003436426109E-2 4.7250859106529215E-2 3.3333333333333333E-2 
 23 4.3642611683848802E-2 6.4089347079037809E-2 1.7525773195876289E-2 5.378006872852234E-2 4.3986254295532649E-2 3.5051546391752578E-2 3.2130584192439859E-2 4.5360824742268047E-2 7.0446735395189003E-2 5.9450171821305846E-2 
 24 1.8556701030927835E-2 3.0068728522336774E-2 6.2199312714776633E-2 6.0309278350515472E-2 2.1477663230240546E-2 1.5807560137457044E-2 3.6426116838487975E-2 2.9725085910652919E-2 4.9828178694158072E-2 3.2474226804123707E-2 
 25 1.2199312714776631E-2 2.9896907216494843E-2 1.8728522336769759E-2 4.4845360824742275E-2 3.6254295532646051E-2 5.9450171821305853E-2 2.2164948453608245E-2 2.5945017182130582E-2 3.5395189003436425E-2 5.0343642611683843E-2 
 26 4.0378006872852229E-2 2.9553264604810996E-2 4.1237113402061855E-2 2.88659793814433E-2 3.8144329896907213E-2 5.2233676975945033E-2 1.5807560137457044E-2 1.8728522336769759E-2 3.1786941580756012E-2 3.6254295532646051E-2 
 27 3.127147766323024E-2 2.1649484536082474E-2 3.8831615120274915E-2 3.5051546391752578E-2 6.0652920962199312E-2 2.7491408934707903E-2 3.9862542955326465E-2 3.6597938144329899E-2 2.7319587628865979E-2 3.9003436426116839E-2 
 28 3.0584192439862545E-2 4.5017182130584199E-2 2.6975945017182132E-2 2.7147766323024056E-2 2.3539518900343642E-2 3.7628865979381441E-2 2.7319587628865979E-2 3.470790378006873E-2 4.0893470790378E-2 1.9587628865979381E-2 
 29 4.4673539518900338E-2 2.2336769759450169E-2 2.5601374570446735E-2 4.1408934707903779E-2 3.2989690721649485E-2 4.4673539518900338E-2 5.8762886597938137E-2 3.4020618556701035E-2 3.2130584192439866E-2 3.8659793814432991E-2 
 30 4.4845360824742268E-2 5.8762886597938137E-2 3.1099656357388317E-2 5.1718213058419248E-2 9.4501718213058413E-3 3.0756013745704469E-2 3.367697594501718E-2 3.0756013745704469E-2 2.7663230240549827E-2 2.4398625429553265E-2 
 31 2.6460481099656354E-2 4.9656357388316155E-2 5.4295532646048104E-2 5.378006872852234E-2 3.367697594501718E-2 2.7663230240549827E-2 2.5429553264604811E-2 3.367697594501718E-2 3.127147766323024E-2 2.9553264604810992E-2 
 32 3.9862542955326465E-2 3.8316151202749144E-2 3.8659793814432991E-2 2.2164948453608248E-2 5.8762886597938151E-2 2.6460481099656361E-2 3.8487972508591067E-2 3.4707903780068723E-2 5.0171821305841927E-2 3.6426116838487975E-2 
 33 5.3951890034364257E-2 4.2611683848797252E-2 4.3298969072164947E-2 1.9587628865979381E-2 3.0756013745704469E-2 3.2989690721649485E-2 3.7628865979381441E-2 5.6013745704467356E-2 2.7663230240549824E-2 4.6391752577319589E-2 
 34 4.5360824742268047E-2 5.2920962199312721E-2 2.268041237113402E-2 3.6426116838487975E-2 1.7525773195876289E-2 1.5807560137457044E-2 3.6426116838487975E-2 3.1443298969072164E-2 2.5945017182130582E-2 2.1134020618556702E-2 
 35 4.3986254295532642E-2 1.9931271477663229E-2 3.6597938144329892E-2 5.4639175257731959E-2 3.8659793814432991E-2 4.3642611683848802E-2 5.034364261168385E-2 3.5223367697594501E-2 3.5910652920962197E-2 3.7628865979381441E-2 
 36 4.6735395189003437E-2 6.34020618556701E-2 5.6185567010309273E-2 4.5704467353951894E-2 4.0721649484536084E-2 2.9896907216494843E-2 5.4639175257731952E-2 4.6219931271477666E-2 1.9415807560137454E-2 4.673539518900343E-2 
 37 2.4914089347079036E-2 1.9243986254295534E-2 3.711340206185567E-2 3.4192439862542952E-2 4.0206185567010312E-2 2.9896907216494843E-2 3.6941580756013746E-2 5.4123711340206188E-2 3.9862542955326465E-2 4.6907216494845361E-2 
 38 3.5051546391752578E-2 2.9553264604810996E-2 1.9243986254295534E-2 3.7285223367697594E-2 2.7835051546391751E-2 5.5326460481099661E-2 4.3814432989690719E-2 3.0584192439862545E-2 3.5223367697594501E-2 3.9347079037800686E-2 
 39 3.4020618556701035E-2 4.0206185567010312E-2 2.5945017182130579E-2 3.2646048109965631E-2 1.2714776632302405E-2 2.5429553264604811E-2 3.9862542955326458E-2 1.4089347079037801E-2 4.0206185567010312E-2 2.4742268041237116E-2 
 40 3.8144329896907213E-2 2.7835051546391751E-2 3.9347079037800686E-2 5.7388316151202753E-2 1.4776632302405498E-2 3.3161512027491402E-2 2.1821305841924397E-2 3.7285223367697594E-2 3.6769759450171823E-2 3.848797250859106E-2 
 41 4.192439862542955E-2 6.4432989690721643E-2 4.6735395189003437E-2 3.127147766323024E-2 4.2268041237113405E-2 4.3986254295532642E-2 3.9003436426116839E-2 3.1099656357388317E-2 3.5223367697594508E-2 3.5395189003436425E-2 
 42 4.5704467353951887E-2 3.2130584192439866E-2 2.7663230240549827E-2 3.9003436426116839E-2 3.6769759450171823E-2 2.0103092783505153E-2 6.4948453608247428E-2 3.3848797250859104E-2 2.8178694158075602E-2 2.6975945017182132E-2 
 43 1.0652920962199311E-2 3.2302405498281783E-2 5.0515463917525781E-2 1.3402061855670104E-2 3.6254295532646051E-2 1.7353951890034362E-2 4.0893470790378007E-2 2.25085910652921E-2 5.9106529209621991E-2 3.6254295532646051E-2 
 44 5.4639175257731952E-2 6.5120274914089338E-2 2.6975945017182128E-2 3.6426116838487975E-2 4.1408934707903779E-2 3.1099656357388313E-2 4.8797250859106529E-2 1.3058419243986255E-2 3.5223367697594508E-2 1.6666666666666666E-2 
 45 3.7628865979381441E-2 4.4845360824742268E-2 6.5292096219931275E-2 5.9793814432989686E-2 4.2268041237113405E-2 5.3951890034364271E-2 2.6804123711340208E-2 1.2371134020618556E-2 3.2474226804123714E-2 8.0756013745704458E-3 
 46 3.2474226804123707E-2 3.7285223367697601E-2 3.6082474226804127E-2 3.5223367697594501E-2 4.9312714776632308E-2 6.3745704467353947E-2 3.9003436426116839E-2 1.7697594501718213E-2 5.9450171821305846E-2 3.6426116838487975E-2 
 47 3.6769759450171829E-2 5.1374570446735393E-2 3.7285223367697601E-2 3.0756013745704466E-2 4.1752577319587626E-2 6.3917525773195885E-2 4.9484536082474238E-2 4.5532646048109963E-2 3.8831615120274915E-2 4.6563573883161513E-2 
 48 4.1065292096219938E-2 8.2474226804123713E-3 7.5257731958762883E-2 4.3814432989690726E-2 3.2130584192439866E-2 2.628865979381443E-2 4.6563573883161506E-2 2.0103092783505153E-2 2.0962199312714775E-2 3.3505154639175257E-2 
 49 5.4810996563573876E-2 2.2508591065292093E-2 3.2474226804123714E-2 4.6563573883161513E-2 2.0103092783505153E-2 2.1821305841924397E-2 2.2164948453608245E-2 5.0859106529209622E-2 3.4020618556701028E-2 1.7353951890034365E-2 
 50 2.5429553264604807E-2 4.6219931271477659E-2 6.1340206185567007E-2 2.9553264604810996E-2 3.4879725085910661E-2 3.5567010309278349E-2 2.8522336769759449E-2 5.0171821305841927E-2 2.8178694158075598E-2 5.6872852233676982E-2 
 51 2.3539518900343642E-2 1.4089347079037799E-2 5.3951890034364264E-2 3.6426116838487975E-2 2.7319587628865976E-2 2.3539518900343642E-2 3.0927835051546386E-2 2.6116838487972509E-2 3.2302405498281783E-2 2.7147766323024056E-2 
 52 5.274914089347079E-2 2.7319587628865976E-2 2.628865979381443E-2 5.4295532646048111E-2 4.1237113402061848E-2 3.5223367697594501E-2 2.5085910652920963E-2 3.0240549828178691E-2 4.1580756013745709E-2 5.0859106529209629E-2 
 53 3.6941580756013739E-2 1.8728522336769762E-2 6.4089347079037795E-2 4.8797250859106529E-2 2.8865979381443294E-2 2.9209621993127148E-2 5.017182130584192E-2 5.8075601374570449E-2 3.2817869415807562E-2 1.2714776632302405E-2 
 54 0.05 2.2852233676975947E-2 5.8419243986254296E-2 3.0756013745704466E-2 2.6975945017182128E-2 9.192439862542956E-2 6.5979381443298971E-2 6.202749140893471E-2 3.6254295532646044E-2 2.1477663230240546E-2 
 55 2.0274914089347083E-2 4.3986254295532642E-2 5.034364261168385E-2 1.3058419243986255E-2 3.8831615120274915E-2 2.9037800687285221E-2 4.0378006872852236E-2 3.7285223367697601E-2 3.0412371134020622E-2 3.3848797250859111E-2 
 56 2.2164948453608245E-2 2.388316151202749E-2 5.4810996563573883E-2 3.127147766323024E-2 3.4192439862542959E-2 2.4570446735395185E-2 2.9209621993127145E-2 1.7697594501718213E-2 3.6769759450171823E-2 3.5738831615120273E-2 
 57 4.8797250859106522E-2 2.7663230240549827E-2 4.1237113402061855E-2 4.9312714776632308E-2 4.7250859106529208E-2 3.5223367697594501E-2 1.6151202749140892E-2 5.0171821305841927E-2 3.6082474226804127E-2 4.8453608247422682E-2 
 58 4.0034364261168388E-2 2.7319587628865976E-2 6.6666666666666666E-2 6.1683848797250855E-2 2.8694158075601377E-2 2.0618556701030927E-2 2.1821305841924401E-2 4.0034364261168388E-2 4.2439862542955328E-2 2.5601374570446735E-2 
 59 3.0240549828178691E-2 3.9347079037800693E-2 1.5807560137457044E-2 2.9553264604810996E-2 3.9862542955326465E-2 3.0412371134020618E-2 3.6254295532646044E-2 4.5017182130584199E-2 3.5738831615120273E-2 2.2508591065292096E-2 
 60 4.1065292096219931E-2 3.470790378006873E-2 4.9999999999999996E-2 3.367697594501718E-2 1.5292096219931271E-2 2.0446735395189E-2 3.1615120274914088E-2 6.7353951890034361E-2 4.4158075601374573E-2 1.9243986254295534E-2 
 61 4.9656357388316148E-2 4.9312714776632294E-2 1.4948453608247422E-2 2.5773195876288658E-2 4.8969072164948453E-2 3.8831615120274915E-2 2.0446735395189E-2 1.134020618556701E-2 3.6426116838487975E-2 6.8728522336769758E-3 
 62 1.7525773195876289E-2 6.1855670103092779E-2 2.0790378006872851E-2 3.6597938144329899E-2 3.6769759450171823E-2 4.1065292096219938E-2 4.8453608247422682E-2 4.7594501718213056E-2 3.5395189003436432E-2 1.7525773195876289E-2 
 63 4.7079037800687284E-2 3.2474226804123714E-2 3.6597938144329899E-2 4.0893470790378007E-2 4.7422680412371132E-2 3.2302405498281783E-2 4.2268041237113405E-2 3.6254295532646051E-2 3.711340206185567E-2 3.5395189003436432E-2 
 64 4.6735395189003437E-2 2.1134020618556702E-2 4.5876288659793818E-2 4.2096219931271481E-2 5.4295532646048111E-2 2.6975945017182132E-2 4.4845360824742261E-2 3.711340206185567E-2 3.0756013745704469E-2 1.7353951890034365E-2 
 65 4.29553264604811E-2 7.285223367697595E-2 4.2611683848797252E-2 3.8487972508591067E-2 3.4192439862542959E-2 4.0206185567010312E-2 5.481099656357389E-2 2.6460481099656361E-2 2.1993127147766325E-2 2.5945017182130582E-2 
 66 2.5429553264604811E-2 4.2783505154639183E-2 3.8316151202749144E-2 4.2096219931271474E-2 3.3848797250859104E-2 3.0756013745704469E-2 3.5567010309278349E-2 4.1752577319587626E-2 2.8522336769759453E-2 2.8178694158075602E-2 
 1+A68 67 3.1443298969072164E-2 3.1958762886597936E-2 3.7800687285223365E-2 4.0893470790378007E-2 5.8762886597938144E-2 3.6426116838487975E-2 3.7800687285223372E-2 1.8384879725085911E-2 7.0446735395189003E-2 2.5601374570446735E-2 
 68 6.1512027491408938E-2 2.5601374570446731E-2 2.7147766323024056E-2 2.3711340206185566E-2 4.3298969072164947E-2 2.5257731958762884E-2 1.563573883161512E-2 3.6254295532646051E-2 3.7113402061855677E-2 3.6254295532646044E-2 
 69 5.4467353951890035E-2 3.5567010309278349E-2 4.4845360824742261E-2 4.6048109965635742E-2 2.0962199312714778E-2 3.9347079037800686E-2 3.4192439862542959E-2 3.4020618556701028E-2 4.7594501718213063E-2 3.3161512027491409E-2 
 70 6.9759450171821308E-2 5.1546391752577317E-2 2.3539518900343642E-2 1.4089347079037799E-2 3.4536082474226806E-2 5.3264604810996569E-2 4.9312714776632301E-2 3.0756013745704466E-2 3.6597938144329892E-2 3.5567010309278349E-2 
 71 1.8213058419243984E-2 4.3127147766323023E-2 3.6426116838487975E-2 2.0446735395189007E-2 5.6013745704467356E-2 3.2817869415807562E-2 4.4845360824742275E-2 3.367697594501718E-2 3.814432989690722E-2 4.4329896907216497E-2 
 72 4.3642611683848795E-2 3.7972508591065296E-2 5.8419243986254303E-2 4.6048109965635735E-2 1.0652920962199313E-2 2.8350515463917529E-2 4.0893470790378014E-2 1.907216494845361E-2 2.7663230240549827E-2 2.5601374570446735E-2 
 73 1.7010309278350517E-2 3.7800687285223365E-2 3.5567010309278349E-2 1.4261168384879725E-2 6.0824742268041243E-2 2.9037800687285217E-2 5.4295532646048111E-2 2.5601374570446735E-2 2.6460481099656354E-2 2.4054982817869414E-2 
 74 3.4536082474226806E-2 5.6013745704467349E-2 5.1718213058419248E-2 3.1615120274914088E-2 2.2336769759450176E-2 3.1099656357388317E-2 5.2233676975945019E-2 1.9243986254295534E-2 4.5704467353951887E-2 2.74914089347079E-2 
 75 3.9518900343642617E-2 4.192439862542955E-2 2.7147766323024056E-2 4.1065292096219931E-2 2.8694158075601377E-2 3.6597938144329899E-2 2.5773195876288659E-3 4.536082474226804E-2 5.3951890034364264E-2 3.814432989690722E-2 
 76 2.8522336769759446E-2 3.9347079037800686E-2 6.8213058419243994E-2 3.4364261168384876E-2 3.3161512027491409E-2 5.515463917525773E-2 3.1958762886597936E-2 4.4845360824742261E-2 1.3573883161512028E-2 2.5257731958762887E-2 
 77 4.0206185567010305E-2 2.0790378006872855E-2 3.6769759450171823E-2 3.3848797250859104E-2 3.814432989690722E-2 5.2405498281786936E-2 1.5292096219931273E-2 4.793814432989691E-2 4.1237113402061855E-2 3.4879725085910654E-2 
 78 3.2474226804123707E-2 2.3539518900343642E-2 5.8419243986254289E-2 6.3230240549828176E-2 2.9037800687285224E-2 3.814432989690722E-2 3.0412371134020618E-2 4.9484536082474231E-2 2.8006872852233675E-2 4.3127147766323023E-2 
 79 3.1615120274914095E-2 3.6254295532646044E-2 3.3848797250859111E-2 2.3195876288659791E-2 5.8247422680412379E-2 3.1615120274914088E-2 4.2611683848797252E-2 3.4364261168384883E-2 2.3367697594501718E-2 4.29553264604811E-2 
 80 6.1855670103092793E-2 4.0893470790378007E-2 4.4845360824742261E-2 6.8041237113402056E-2 8.1786941580756028E-2 3.4879725085910654E-2 3.127147766323024E-2 4.5876288659793818E-2 6.4432989690721656E-2 4.0893470790378007E-2 
 81 2.2680412371134016E-2 3.1099656357388317E-2 4.2611683848797245E-2 1.5120274914089345E-2 3.3848797250859104E-2 4.3470790378006878E-2 2.6116838487972509E-2 3.6597938144329899E-2 2.3539518900343642E-2 2.7147766323024056E-2 
 82 5.9106529209621998E-2 2.5601374570446735E-2 4.0721649484536077E-2 4.3298969072164947E-2 3.2817869415807562E-2 4.6563573883161513E-2 4.9484536082474224E-2 3.9175257731958762E-2 5.034364261168385E-2 3.3848797250859104E-2 
 83 1.9931271477663229E-2 3.1958762886597936E-2 6.4776632302405504E-2 5.7560137457044677E-2 5.2233676975945019E-2 4.3298969072164947E-2 1.2371134020618558E-2 4.6907216494845354E-2 3.9862542955326458E-2 3.2474226804123714E-2 
 84 4.5876288659793818E-2 4.5876288659793818E-2 2.5257731958762887E-2 1.804123711340206E-2 3.6597938144329892E-2 5.4295532646048111E-2 3.7628865979381448E-2 2.4226804123711344E-2 2.3024054982817867E-2 3.127147766323024E-2 
 85 3.951890034364261E-2 2.6116838487972506E-2 1.5463917525773196E-2 4.3127147766323017E-2 3.2130584192439859E-2 1.8213058419243984E-2 2.7319587628865976E-2 5.8419243986254289E-2 2.9725085910652916E-2 4.8109965635738834E-2 
 86 0.05 2.6975945017182132E-2 3.3161512027491409E-2 2.5085910652920963E-2 3.006872852233677E-2 6.9759450171821308E-2 2.6975945017182128E-2 2.7663230240549827E-2 2.0790378006872848E-2 3.470790378006873E-2 
 87 4.3814432989690726E-2 3.1615120274914088E-2 3.1958762886597943E-2 4.6219931271477659E-2 3.6941580756013746E-2 2.9209621993127148E-2 2.388316151202749E-2 1.3573883161512026E-2 2.0618556701030927E-2 6.3745704467353961E-2 
 88 4.3986254295532642E-2 4.2268041237113398E-2 3.2474226804123707E-2 2.2336769759450169E-2 4.2268041237113405E-2 3.7628865979381448E-2 5.9450171821305839E-2 3.127147766323024E-2 3.0927835051546389E-2 4.9828178694158086E-2 
 89 4.0206185567010312E-2 1.8213058419243984E-2 1.4776632302405498E-2 3.5910652920962197E-2 3.9003436426116839E-2 2.8522336769759446E-2 2.8006872852233671E-2 3.951890034364261E-2 3.6597938144329899E-2 2.8522336769759446E-2 
 90 5.6185567010309273E-2 2.7147766323024056E-2 2.508591065292096E-2 2.8006872852233675E-2 4.6219931271477659E-2 3.3161512027491402E-2 4.1924398625429557E-2 4.2268041237113398E-2 2.4054982817869417E-2 3.2817869415807562E-2 
 91 2.268041237113402E-2 3.3848797250859104E-2 3.6769759450171823E-2 2.5945017182130582E-2 3.0584192439862542E-2 2.4742268041237112E-2 2.2680412371134023E-2 1.7353951890034365E-2 2.9381443298969068E-2 4.415807560137458E-2 
 92 4.2268041237113398E-2 3.3333333333333333E-2 3.4536082474226806E-2 4.1580756013745702E-2 4.5876288659793818E-2 4.553264604810997E-2 4.192439862542955E-2 3.4364261168384876E-2 3.2130584192439866E-2 4.1408934707903779E-2 
 93 4.3470790378006871E-2 3.0068728522336767E-2 5.859106529209622E-2 4.1065292096219931E-2 3.951890034364261E-2 4.0721649484536084E-2 3.4020618556701028E-2 6.9587628865979384E-2 4.4501718213058414E-2 2.5429553264604811E-2 
 94 5.8591065292096227E-2 3.5738831615120273E-2 2.9896907216494843E-2 4.432989690721649E-2 5.0515463917525774E-2 4.5017182130584199E-2 3.0240549828178691E-2 5.1202749140893469E-2 4.3642611683848795E-2 3.6769759450171823E-2 
 95 3.1443298969072171E-2 2.6804123711340205E-2 4.9484536082474231E-2 1.8556701030927835E-2 4.4845360824742268E-2 6.0824742268041229E-2 3.0756013745704466E-2 2.7147766323024056E-2 3.711340206185567E-2 3.0927835051546393E-2 
 96 3.5567010309278356E-2 3.8659793814432991E-2 3.4879725085910647E-2 5.7731958762886594E-2 4.793814432989691E-2 4.6391752577319589E-2 3.2989690721649485E-2 4.2268041237113405E-2 2.3195876288659795E-2 3.7628865979381441E-2 
 97 4.5360824742268047E-2 2.3367697594501715E-2 3.3333333333333333E-2 3.5051546391752578E-2 3.1786941580756012E-2 4.3298969072164947E-2 4.5876288659793818E-2 5.859106529209622E-2 5.0859106529209622E-2 4.0206185567010312E-2 
 98 6.7010309278350527E-2 4.0721649484536077E-2 1.7353951890034365E-2 3.8316151202749137E-2 2.9725085910652919E-2 2.7663230240549831E-2 2.9037800687285221E-2 5.9793814432989686E-2 2.5429553264604811E-2 6.460481099656358E-2 
 99 4.9828178694158086E-2 3.367697594501718E-2 3.1099656357388317E-2 1.7697594501718213E-2 3.5910652920962197E-2 2.1821305841924394E-2 5.4639175257731959E-2 4.4845360824742268E-2 2.9725085910652919E-2 4.9140893470790377E-2 
 100 4.29553264604811E-2 7.3539518900343645E-2 4.776632302405498E-2 4.6563573883161513E-2 2.2852233676975944E-2 4.9140893470790377E-2 5.5841924398625432E-2 2.25085910652921E-2 5.4982817869415807E-2 3.5051546391752578E-2 
 
## xl/worksheets/sheet4.xml
 
 0 1 17 28 
 32 6 23 23 
 74 6 23 23 
 30 6 27 3 
 68 6 14 14 
 5 6 19 19 
 90 6 19 19 
 92 6 19 19 
 85 16 15 15 
 23 16 10 10 
 91 12 6 6 
 17 12 24 15 
 33 12 11 11 
 3 4 10 23 
 42 4 18 18 
 25 4 19 22 
 20 2 6 16 
 77 2 12 4 
 84 2 12 4 
 93 2 2 2 
 62 2 25 25 
 82 2 15 24 
 1 1 2 13 9 
 15 2 13 9 
 38 2 11 14 
 67 21 22 22 
 9 7 7 21 
 6 7 13 9 
 28 7 13 13 
 14 7 11 11 
 34 7 11 11 
 51 7 14 14 
 71 7 29 29 
 22 15 25 25 
 31 15 21 21 
 89 15 21 7 
 70 15 3 27 
 24 15 8 8 
 88 15 22 19 
 83 10 4 12 
 45 10 2 2 
 86 10 21 21 
 41 10 15 24 
 44 10 11 11 
 11 10 22 19 
 48 10 5 29 
 47 10 29 29 
 79 10 29 29 
 95 27 12 12 
 56 27 12 4 
 60 27 24 15 
 2 3 6 16 
 72 3 25 25 
 10 3 21 7 
 53 3 10 23 
 61 3 3 3 
 66 3 13 13 
 29 3 8 8 
 36 3 11 14 
 81 3 14 14 
 49 3 20 20 
 80 3 26 26 
 50 9 16 6 
 16 9 23 10 
 54 9 23 10 
 8 9 9 9 
 21 9 26 20 
 18 13 25 25 
 76 13 7 21 
 87 13 23 23 
 64 13 27 3 
 13 8 6 16 
 57 8 15 15 
 73 8 9 13 
 75 8 20 20 
 7 8 20 26 
 37 8 26 20 
 65 8 29 5 
 52 11 15 24 
 46 11 10 23 
 78 11 10 23 
 12 11 10 10 
 27 11 8 18 
 43 11 11 11 
 55 11 22 19 
 96 14 16 6 
 19 14 16 16 
 63 14 16 16 
 35 14 13 9 
 69 14 11 14 
 40 19 14 11 
 58 20 6 6 
 94 20 23 23 
 97 20 18 8 
 59 26 20 20 
 26 5 18 18 
 39 5 18 18 
 4 5 18 8 
 