Z26                VIG  K4 e_min=(0, True) | nulls=[0, 0, 1, 0, 2, 0, 0, 1, 0, 1, 0, 0, 0, 0, 0, 0, 0, 1, 0, 0] (2s)
Z26                BEAU K4 e_min=(0, True) | nulls=[0, 0, 1, 0, 0, 0, 0, 0, 1, 1, 0, 0, 0, 0, 0, 0, 0, 0, 0, 0] (2s)
Z26                VAR  K4 e_min=(0, True) | nulls=[0, 0, 0, 0, 0, 0, 0, 0, 0, 1, 0, 0, 0, 0, 0, 0, 0, 0, 0, 0] (2s)
Z27                VIG  K4 e_min=(0, True) | nulls=[0, 2, 0, 0, 1, 0, 0, 0, 1, 1, 0, 0, 1, 0, 0, 1, 1, 1, 0, 1] (2s)
Z27                BEAU K4 e_min=(0, True) | nulls=[0, 0, 0, 0, 0, 0, 0, 1, 0, 0, 0, 0, 0, 0, 0, 0, 0, 0, 0, 0] (2s)
Z27                VAR  K4 e_min=(0, True) | nulls=[0, 0, 1, 0, 0, 0, 0, 0, 0, 0, 0, 0, 0, 1, 0, 0, 0, 1, 0, 0] (2s)
Z3^3               VIG  K4 e_min=(0, True) | nulls=[0, 0, 0, 0, 0, 1, 0, 0, 1, 0, 0, 0, 1, 0, 0, 0, 0, 0, 1, 0] (2s)
Z3^3               BEAU K4 e_min=(0, True) | nulls=[0, 0, 0, 0, 0, 0, 0, 1, 0, 0, 0, 0, 0, 0, 0, 0, 0, 0, 1, 0] (2s)
Z3^3               VAR  K4 e_min=(0, True) | nulls=[0, 0, 0, 0, 0, 0, 0, 0, 0, 0, 0, 0, 0, 0, 0, 0, 1, 0, 0, 0] (2s)
Z30                VIG  K4 e_min=(0, True) | nulls=[1, 0, 0, 0, 0, 1, 0, 0, 0, 1, 0, 0, 1, 2, 1, 1, 0, 2, 0, 0] (2s)
Z30                BEAU K4 e_min=(0, True) | nulls=[0, 0, 0, 0, 0, 0, 0, 0, 0, 0, 0, 0, 0, 0, 1, 0, 0, 0, 0, 0] (2s)
Z30                VAR  K4 e_min=(0, True) | nulls=[0, 0, 0, 0, 0, 0, 0, 0, 0, 0, 1, 0, 0, 0, 0, 0, 0, 0, 0, 0] (2s)
Z2^5 (XOR 5 bits)  VIG  K4 e_min=(0, True) | nulls=[0, 1, 0, 0, 0, 1, 0, 1, 0, 0, 0, 2, 1, 0, 0, 0, 1, 0, 1, 0] (2s)
Z6xZ6              VIG  K4 e_min=(0, True) | nulls=[1, 2, 1, 0, 1, 0, 0, 1, 1, 0, 0, 0, 0, 0, 1, 0, 0, 0, 0, 1] (33s)
Z6xZ6              BEAU K4 e_min=(0, True) | nulls=[0, 0, 0, 0, 0, 0, 0, 0, 0, 0, 0, 0, 0, 0, 0, 0, 0, 0, 1, 0] (2s)
Z6xZ6              VAR  K4 e_min=(0, True) | nulls=[0, 0, 0, 0, 0, 0, 0, 0, 0, 0, 0, 0, 0, 0, 0, 1, 0, 0, 0, 0] (2s)
