## xl/sharedStrings.xml
 
 B E T W N S U L H A D I G C O F Q Y V P ? R M X K Q? J Z BETWEEN Left-Green Left-Blue Circling-Orange SUBTLE F. SHADING R. AND THE ABSENCE OF LIGHT LIES NUANCE IQLUSION K1 Cryptoanalytic Vigenere Attack "NCEOF" K2 Cryptoanalytic Vigenere Attack C L. B. 
## xl/worksheets/sheet1.xml
 
 0 1 2 3 1 1 4 5 6 0 2 7 1 5 8 9 10 11 4 12 9 4 10 2 
 
 8 1 9 0 5 1 4 13 1 14 15 7 11 12 8 2 7 11 1 5 2 8 1 4 
 
 63 6 9 4 13 1 14 15 11 16 7 6 5 11 14 4 11 2 3 9 5 2 14 2 9 
 
 7 7 17 11 4 18 11 5 11 0 7 1 8 14 3 5 2 8 9 2 19 14 5 5 
 
 11 0 7 1 20 2 8 1 17 6 5 1 10 2 8 1 1 9 21 2 8 5 22 9 
 
 12 4 1 2 11 13 15 11 1 7 10 23 2 8 1 11 4 15 14 21 22 9 2 11 
 
 14 4 3 9 5 12 9 2 8 1 21 1 10 9 4 10 2 21 9 4 5 22 11 2 
 
 2 1 10 6 4 10 1 21 12 21 6 6 4 10 2 14 9 4 6 4 24 4 14 3 
 
 4 7 14 13 9 2 11 14 4 23 10 14 1 5 7 9 4 12 7 1 17 24 4 14 
 
 3 9 0 14 6 2 2 8 11 5 20 2 8 1 17 5 8 14 6 7 10 11 2 5 
 
 0 6 21 11 1 10 14 6 2 2 8 1 21 1 5 14 22 1 3 8 1 21 1 23 
 
 3 8 14 24 4 14 3 5 2 8 1 1 23 9 13 2 7 14 13 9 2 11 14 4 
 
 20 14 4 7 17 3 3 2 8 11 5 3 9 5 8 11 5 7 9 5 2 22 1 5 
 
 5 9 12 1 23 2 8 11 21 2 17 1 11 12 8 2 10 1 12 21 1 1 5 15 
 
 11 15 2 17 5 1 18 1 4 22 11 4 6 2 1 5 5 11 23 19 14 11 4 2 
 
 15 11 18 1 5 1 13 14 4 10 5 4 14 21 2 8 5 1 18 1 4 2 17 5 
 
 1 18 1 4 10 1 12 21 1 1 5 1 11 12 8 2 22 11 4 6 2 1 5 15 
 
 14 21 2 17 15 14 6 21 5 1 13 14 4 10 5 3 1 5 2 23 7 9 17 1 
 
 21 2 3 14 5 7 14 3 7 17 10 1 5 19 9 21 9 2 7 17 5 7 14 3 
 
 7 17 2 8 1 21 1 22 9 11 4 5 14 15 19 9 5 5 9 12 1 10 1 0 
 
 21 11 5 2 8 9 2 1 4 13 6 22 0 1 21 1 10 2 8 1 7 14 3 1 
 
 21 19 9 21 2 14 15 2 8 1 10 14 14 21 3 9 17 3 9 5 21 1 22 14 
 
 18 1 10 3 11 2 8 2 21 1 22 0 7 11 4 12 8 9 4 10 5 11 22 9 
 
 10 1 9 2 11 4 17 0 21 1 9 13 8 11 4 2 8 1 6 19 19 1 21 7 
 
 1 15 2 8 9 4 10 13 14 21 4 1 21 9 4 10 2 8 1 4 3 11 10 1 
 
 4 11 4 12 2 8 1 8 14 7 1 9 7 11 2 2 7 1 11 11 4 5 1 21 
 
 2 1 10 2 8 1 13 9 4 10 7 1 9 4 10 19 1 1 21 1 10 11 4 2 
 
 8 1 8 14 2 9 11 21 1 5 13 9 19 11 4 12 15 21 14 22 2 8 1 13 
 
 8 9 22 0 1 21 13 9 6 5 1 10 2 8 1 15 7 9 22 1 2 14 15 7 
 
 11 13 24 1 21 0 6 2 19 21 1 5 1 4 2 7 17 10 1 2 9 11 7 5 
 
 14 15 2 8 1 21 14 14 22 3 11 2 8 11 4 1 22 1 21 12 1 10 15 21 
 
 14 22 2 8 1 22 11 5 2 23 13 9 4 17 14 6 5 1 1 9 4 17 2 8 
 
 336 11 4 12 25 14 0 24 21 6 14 23 14 12 8 6 7 0 5 14 7 11 15 0 0 
 
 3 15 7 21 18 16 16 19 21 4 12 24 5 5 14 2 3 2 16 5 26 16 5 5 
 
 1 24 27 27 3 9 2 26 24 7 6 10 11 9 3 11 4 15 0 4 17 19 18 2 
 
 2 22 27 15 19 24 3 12 10 24 27 23 2 26 13 10 11 12 24 6 8 6 9 6 
 
 1 24 13 9 21 
 28 0 2 29 30 31 
 32 5 11 2 7 11 2 0 33 
 34 5 5 11 21 12 11 8 35 
 36 9 9 5 21 14 5 6 11 
 37 2 5 1 18 2 15 7 5 
 38 9 2 21 10 4 7 2 2 
 39 14 0 8 1 3 14 4 9 
 40 7 9 21 4 0 3 9 4 
 41 7 7 14 2 3 11 5 0 
 37 2 7 8 8 20 4 9 6 
 42 4 14 4 8 5 12 11 7 
 39 14 14 7 11 11 21 2 3 
 43 11 4 18 14 15 14 3 9 
 14 14 1 0 14 2 
 11 11 14 1 5 13 
 10 5 21 5 23 8 
 4 2 
 5 14 
 44 15 3 
 45 2 1 
 5 35 
 46 15 5 
 1 1 
 3 5 
 0 2 
 1 14 
 14 5 
 9 23 
 7 9 
 1 4 
 21 2 
 2 8 
 47 33 
 7 48 
 5 49 
 21 7 
 8 7 
 
 
 
 
 
 
 
 
 
 
 
 
 
 
 
 
 
 
 
 
 
 
 
 
 
 
 
 
 
 
 
 
 
 
 
## xl/worksheets/sheet2.xml
 
 
## xl/worksheets/sheet3.xml
 
 