## xl/sharedStrings.xml
 
 S I O N T W A E H P D R X F M U K L G Y C V B 
## xl/worksheets/sheet1.xml
 
 0 1 2 3 1 4 5 6 0 4 
 
 7 8 2 5 0 4 8 6 4 9 
 
 7 10 4 8 7 7 6 11 4 8 
 
 12 4 8 7 1 3 13 2 11 14 
 
 7 10 6 3 10 4 11 6 3 0 
 
 15 3 10 4 2 6 3 15 3 16 
 
 2 7 0 17 6 3 18 17 7 19 
 
 4 8 7 19 0 8 2 15 17 10 
 
 7 11 7 0 2 14 7 5 8 7 
 
 7 12 6 20 4 17 2 20 6 4 
 
 5 6 0 8 1 0 17 6 0 4 
 
 7 1 18 8 4 10 7 18 11 7 
 
 3 15 4 7 0 0 1 12 9 2 
 
 3 2 11 4 8 0 7 21 7 3 
 
 7 1 18 8 4 14 1 3 15 4 
 
 2 3 10 0 5 7 0 4 12 17 
 
 7 0 9 6 11 6 4 17 19 0 
 
 0 2 13 9 6 0 0 6 18 7 
 
 14 22 7 11 7 10 4 8 7 17 
 
 2 2 11 5 6 19 5 6 0 11 
 
 22 17 1 3 18 8 6 3 10 0 
 
## xl/worksheets/sheet2.xml
 
 
## xl/worksheets/sheet3.xml
 
 