## xl/sharedStrings.xml
 
 I S T H A E N C U M B R D L O W P F Y G K X Q? PBH=KES +4 V Q J Z 
## xl/worksheets/sheet1.xml
 
 0 1 2 3 4 2 5 6 7 8 9 10 5 11 5 12 2 3 5 13 14 15 5 
 16 4 11 2 14 17 2 3 5 12 14 14 11 15 4 18 15 4 1 11 5 9 14 
 5 12 15 0 2 3 2 11 5 9 10 13 0 6 19 3 4 6 12 1 0 9 4 
 5 4 2 0 6 18 10 11 5 4 7 3 0 6 2 3 5 8 16 16 5 11 13 
 17 2 3 4 6 12 7 14 11 6 5 11 4 6 12 2 3 5 6 15 0 12 5 
 0 6 19 2 3 5 3 14 13 5 4 13 0 2 2 13 5 0 0 6 1 5 11 
 5 12 2 3 5 7 4 6 12 13 5 4 6 12 16 5 5 11 5 12 0 6 2 
 5 3 14 2 4 0 11 5 1 7 4 16 0 6 19 17 11 14 9 2 3 5 7 
 4 9 10 5 11 7 4 8 1 5 12 2 3 5 17 13 4 9 5 2 14 17 13 
 7 20 5 11 10 8 2 16 11 5 1 5 6 2 13 18 12 5 2 4 0 13 1 
 17 2 3 5 11 14 14 9 15 0 2 3 0 6 5 9 5 11 19 5 12 17 11 
 9 2 3 5 9 0 1 2 21 7 4 6 18 14 8 1 5 5 4 6 18 2 3 
 6 19 22 14 10 
 20 11 8 14 21 14 19 3 8 13 23 
 10 1 14 13 0 17 10 10 15 17 
 13 11 24 25 25 16 11 6 19 20 
 1 1 14 2 15 2 25 1 26 25 
 1 1 5 20 27 27 15 4 2 26 
 20 13 8 12 0 4 15 0 6 17 
 10 6 18 16 24 2 2 9 27 17 
 16 20 15 19 12 20 27 21 2 26 
 7 12 0 19 20 8 3 8 4 8 
 5 20 7 4 11 
 
## xl/worksheets/sheet2.xml
 
 
## xl/worksheets/sheet3.xml
 
 