## xl/sharedStrings.xml
 
 O B K R U X G H L S I F W V Q P N T J E Z A D Y M C 
## xl/worksheets/sheet1.xml
 
 0 1 2 3 
 4 0 5 0 6 7 4 8 
 1 9 0 8 10 11 1 1 
 12 11 8 3 13 14 14 15 
 3 16 6 2 9 0 9 17 
 12 17 14 9 18 14 9 9 
 19 2 20 20 12 21 17 18 
 2 8 4 22 10 21 12 10 
 16 11 1 16 23 15 13 17 
 17 24 20 11 15 2 12 6 
 22 20 5 17 18 25 
 22 10 6 2 
 4 7 
 4 21 
 4 19 
 2 25 21 3 
 2 25 21 3 
 4 19 
 4 21 
 4 7 
 22 10 6 2 
 22 20 5 17 18 25 
 17 24 20 11 15 2 12 6 
 16 11 1 16 23 15 13 17 
 2 8 4 22 10 21 12 10 
 19 2 20 20 12 21 17 18 
 12 17 14 9 18 14 9 9 
 3 16 6 2 9 0 9 17 
 12 11 8 3 13 14 14 15 
 1 9 0 8 10 11 1 1 
 4 0 5 0 6 7 4 8 
 0 1 2 3 
 
## xl/worksheets/sheet2.xml
 
 
## xl/worksheets/sheet3.xml
 
 