## xl/sharedStrings.xml
 
 A B C D E F G H I J K L M N O P Q R S T U V W X Y Z KRYPTOS SCULPTURE KRYPTOS ONLINE TALBLEUX Q1 TABLEAUX Q1 TABLEAUX Q2 
## xl/worksheets/sheet1.xml
 
 27 28 
 0 1 2 3 4 5 6 7 8 9 10 11 12 13 14 15 16 17 18 19 20 21 22 23 24 25 0 1 2 3 
 0 10 17 24 15 19 14 18 0 1 2 3 4 5 6 7 8 9 11 12 13 16 20 21 22 23 25 10 17 24 15 
 1 17 24 15 19 14 18 0 1 2 3 4 5 6 7 8 9 11 12 13 16 20 21 22 23 25 10 17 24 15 19 
 2 24 15 19 14 18 0 1 2 3 4 5 6 7 8 9 11 12 13 16 20 21 22 23 25 10 17 24 15 19 14 
 3 15 19 14 18 0 1 2 3 4 5 6 7 8 9 11 12 13 16 20 21 22 23 25 10 17 24 15 19 14 18 
 4 19 14 18 0 1 2 3 4 5 6 7 8 9 11 12 13 16 20 21 22 23 25 10 17 24 15 19 14 18 0 
 5 14 18 0 1 2 3 4 5 6 7 8 9 11 12 13 16 20 21 22 23 25 10 17 24 15 19 14 18 0 1 
 6 18 0 1 2 3 4 5 6 7 8 9 11 12 13 16 20 21 22 23 25 10 17 24 15 19 14 18 0 1 2 
 7 0 1 2 3 4 5 6 7 8 9 11 12 13 16 20 21 22 23 25 10 17 24 15 19 14 18 0 1 2 3 
 8 1 2 3 4 5 6 7 8 9 11 12 13 16 20 21 22 23 25 10 17 24 15 19 14 18 0 1 2 3 4 
 9 2 3 4 5 6 7 8 9 11 12 13 16 20 21 22 23 25 10 17 24 15 19 14 18 0 1 2 3 4 5 
 10 3 4 5 6 7 8 9 11 12 13 16 20 21 22 23 25 10 17 24 15 19 14 18 0 1 2 3 4 5 6 
 11 4 5 6 7 8 9 11 12 13 16 20 21 22 23 25 10 17 24 15 19 14 18 0 1 2 3 4 5 6 7 
 12 5 6 7 8 9 11 12 13 16 20 21 22 23 25 10 17 24 15 19 14 18 0 1 2 3 4 5 6 7 8 
 26 29 
 3 2 1 0 25 24 23 22 21 20 19 18 17 16 15 14 13 12 11 10 9 8 7 6 5 4 3 2 1 0 
 15 24 17 10 25 23 22 21 20 16 13 12 11 9 8 7 6 5 4 3 2 1 0 18 14 19 15 24 17 10 0 
 19 15 24 17 10 25 23 22 21 20 16 13 12 11 9 8 7 6 5 4 3 2 1 0 18 14 19 15 24 17 1 
 14 19 15 24 17 10 25 23 22 21 20 16 13 12 11 9 8 7 6 5 4 3 2 1 0 18 14 19 15 24 2 
 18 14 19 15 24 17 10 25 23 22 21 20 16 13 12 11 9 8 7 6 5 4 3 2 1 0 18 14 19 15 3 
 0 18 14 19 15 24 17 10 25 23 22 21 20 16 13 12 11 9 8 7 6 5 4 3 2 1 0 18 14 19 4 
 1 0 18 14 19 15 24 17 10 25 23 22 21 20 16 13 12 11 9 8 7 6 5 4 3 2 1 0 18 14 5 
 2 1 0 18 14 19 15 24 17 10 25 23 22 21 20 16 13 12 11 9 8 7 6 5 4 3 2 1 0 18 6 
 3 2 1 0 18 14 19 15 24 17 10 25 23 22 21 20 16 13 12 11 9 8 7 6 5 4 3 2 1 0 7 
 4 3 2 1 0 18 14 19 15 24 17 10 25 23 22 21 20 16 13 12 11 9 8 7 6 5 4 3 2 1 8 
 5 4 3 2 1 0 18 14 19 15 24 17 10 25 23 22 21 20 16 13 12 11 9 8 7 6 5 4 3 2 9 
 6 5 4 3 2 1 0 18 14 19 15 24 17 10 25 23 22 21 20 16 13 12 11 9 8 7 6 5 4 3 10 
 7 6 5 4 3 2 1 0 18 14 19 15 24 17 10 25 23 22 21 20 16 13 12 11 9 8 7 6 5 4 11 
 8 6 5 4 3 2 1 0 18 14 19 15 24 17 10 25 23 22 21 20 16 13 12 11 9 8 7 6 5 12 
 27 30 
 13 6 7 8 9 11 12 13 16 20 21 22 23 25 10 17 24 15 19 14 18 0 1 2 3 4 5 6 7 8 9 11 
 14 7 8 9 11 12 13 16 20 21 22 23 25 10 17 24 15 19 14 18 0 1 2 3 4 5 6 7 8 9 11 
 15 8 9 11 12 13 16 20 21 22 23 25 10 17 24 15 19 14 18 0 1 2 3 4 5 6 7 8 9 11 12 
 16 9 11 12 13 16 20 21 22 23 25 10 17 24 15 19 14 18 0 1 2 3 4 5 6 7 8 9 11 12 13 
 17 11 12 13 16 20 21 22 23 25 10 17 24 15 19 14 18 0 1 2 3 4 5 6 7 8 9 11 12 13 16 
 18 12 13 16 20 21 22 23 25 10 17 24 15 19 14 18 0 1 2 3 4 5 6 7 8 9 11 12 13 16 20 
 19 13 16 20 21 22 23 25 10 17 24 15 19 14 18 0 1 2 3 4 5 6 7 8 9 11 12 13 16 20 21 
 20 16 20 21 22 23 25 10 17 24 15 19 14 18 0 1 2 3 4 5 6 7 8 9 11 12 13 16 20 21 22 
 21 20 21 22 23 25 10 17 24 15 19 14 18 0 1 2 3 4 5 6 7 8 9 11 12 13 16 20 21 22 23 
 22 21 22 23 25 10 17 24 15 19 14 18 0 1 2 3 4 5 6 7 8 9 11 12 13 16 20 21 22 23 25 
 23 22 23 25 10 17 24 15 19 14 18 0 1 2 3 4 5 6 7 8 9 11 12 13 16 20 21 22 23 25 10 
 24 23 25 10 17 24 15 19 14 18 0 1 2 3 4 5 6 7 8 9 11 12 13 16 20 21 22 23 25 10 17 
 25 25 10 17 24 15 19 14 18 0 1 2 3 4 5 6 7 8 9 11 12 13 16 20 21 22 23 25 10 17 24 
 0 1 2 3 4 5 6 7 8 9 10 11 12 13 14 15 16 17 18 19 20 21 22 23 24 25 0 1 2 3 
 
 26 30 
 11 9 8 7 6 5 4 3 2 1 0 18 14 19 15 24 17 10 25 23 22 21 20 16 13 12 11 9 8 7 6 13 
 11 9 8 7 6 5 4 3 2 1 0 18 14 19 15 24 17 10 25 23 22 21 20 16 13 12 11 9 8 7 14 
 12 11 9 8 7 6 5 4 3 2 1 0 18 14 19 15 24 17 10 25 23 22 21 20 16 13 12 11 9 8 15 
 13 12 11 9 8 7 6 5 4 3 2 1 0 18 14 19 15 24 17 10 25 23 22 21 20 16 13 12 11 9 16 
 16 13 12 11 9 8 7 6 5 4 3 2 1 0 18 14 19 15 24 17 10 25 23 22 21 20 16 13 12 11 17 
 20 16 13 12 11 9 8 7 6 5 4 3 2 1 0 18 14 19 15 24 17 10 25 23 22 21 20 16 13 12 18 
 21 20 16 13 12 11 9 8 7 6 5 4 3 2 1 0 18 14 19 15 24 17 10 25 23 22 21 20 16 13 19 
 22 21 20 16 13 12 11 9 8 7 6 5 4 3 2 1 0 18 14 19 15 24 17 10 25 23 22 21 20 16 20 
 23 22 21 20 16 13 12 11 9 8 7 6 5 4 3 2 1 0 18 14 19 15 24 17 10 25 23 22 21 20 21 
 25 23 22 21 20 16 13 12 11 9 8 7 6 5 4 3 2 1 0 18 14 19 15 24 17 10 25 23 22 21 22 
 10 25 23 22 21 20 16 13 12 11 9 8 7 6 5 4 3 2 1 0 18 14 19 15 24 17 10 25 23 22 23 
 17 10 25 23 22 21 20 16 13 12 11 9 8 7 6 5 4 3 2 1 0 18 14 19 15 24 17 10 25 23 24 
 24 17 10 25 23 22 21 20 16 13 12 11 9 8 7 6 5 4 3 2 1 0 18 14 19 15 24 17 10 25 25 
 3 2 1 0 25 24 23 22 21 20 19 18 17 16 15 14 13 12 11 10 9 8 7 6 5 4 3 2 1 0 
 
## xl/worksheets/sheet2.xml
 
 
## xl/worksheets/sheet3.xml
 
 