## xl/sharedStrings.xml
 
 E A S T N O R H B L I C K ENCRYPTED TEXT U X G F W V Q P J Z D Y M Question: is there a pattern in the shift (left or right)? - Consider 'doubling' the KRYPTOS to 52 characters and changign the split from the 13th to the 26th Block 1 Kryptos Key - ORIGINAL -11 -13 -2 +9 +12 +6 +0 -3 +7 -4 +1 +3 -8 +10 +5 - Prime #53 used here as EASTNORTHEAST and BERLINCLOCK fit … but post shift alignment doesn’t; need another / 2nd step? Shaun Spalding Canada November 2023 
## xl/worksheets/sheet1.xml
 
 0 1 2 3 4 5 6 3 7 0 1 2 3 8 0 6 9 10 4 11 9 5 11 12 
 1 E2+1 2 F2+1 3 4 5 6 7 8 9 10 11 12 13 14 15 16 17 18 19 20 21 22 23 24 25 26 27 28 29 30 31 32 33 34 35 36 37 38 39 40 41 42 43 44 45 46 47 48 49 50 51 52 53 54 55 56 57 58 59 60 61 62 63 64 65 66 BR2+1 67 68 69 70 71 72 73 74 75 76 77 78 79 80 81 82 83 84 85 86 87 88 89 90 91 92 93 94 95 96 97 
 13 5 8 12 6 14 5 15 5 16 7 14 9 8 2 5 9 10 17 8 8 18 17 9 6 19 20 20 21 6 4 16 12 2 2 5 3 18 3 20 2 22 20 2 2 0 12 23 23 18 1 3 22 12 9 14 24 10 1 18 10 4 17 8 4 25 21 19 3 3 26 23 17 21 12 18 16 24 12 23 15 3 22 11 24 10 16 12 14 7 14 1 14 0 12 11 1 6 
 27 
 28 
 47 46 
 48 
 49 
 1 5 12 6 25 21 3 5 2 1 8 11 24 0 17 16 7 10 22 9 26 4 20 14 19 18 15 23 
 2 8 6 25 21 3 5 2 1 8 11 24 0 17 16 7 10 22 9 26 4 20 14 19 18 15 23 12 
 3 12 25 21 3 5 2 1 8 11 24 0 17 16 7 10 22 9 26 4 20 14 19 18 15 23 12 6 
 4 6 21 3 5 2 1 8 11 24 0 17 16 7 10 22 9 26 4 20 14 19 18 15 23 12 6 25 
 5 14 3 5 2 1 8 11 24 0 17 16 7 10 22 9 26 4 20 14 19 18 15 23 12 6 25 21 
 6 5 5 2 1 8 11 24 0 17 16 7 10 22 9 26 4 20 14 19 18 15 23 12 6 25 21 3 
 7 15 2 1 8 11 24 0 17 16 7 10 22 9 26 4 20 14 19 18 15 23 12 6 25 21 3 5 30 
 8 5 1 8 11 24 0 17 16 7 10 22 9 26 4 20 14 19 18 15 23 12 6 25 21 3 5 2 1 BW17+1 2 3 4 5 6 7 8 9 10 11 12 13 14 15 16 17 18 19 20 21 22 23 24 25 26 27 28 29 30 31 
 9 16 8 11 24 0 17 16 7 10 22 9 26 4 20 14 19 18 15 23 12 6 25 21 3 5 2 1 1 8 11 24 0 17 16 7 10 22 12 9 26 4 5 21 20 6 2 3 14 19 18 15 25 23 1 8 11 24 0 
 10 7 11 24 0 17 16 7 10 22 9 26 4 20 14 19 18 15 23 12 6 25 21 3 5 2 1 8 1 1 12 6 25 21 3 5 2 1 8 11 24 0 17 16 7 10 22 9 26 4 20 14 19 18 15 23 12 6 25 21 1 
 11 14 24 0 17 16 7 10 22 9 26 4 20 14 19 18 15 23 12 6 25 21 3 5 2 1 8 11 BU19+1 2 8 6 25 21 3 5 2 1 8 11 24 0 17 16 7 10 22 9 26 4 20 14 19 18 15 23 12 6 25 21 3 8 
 12 9 0 17 16 7 10 22 9 26 4 20 14 19 18 15 23 12 6 25 21 3 5 2 1 8 11 24 3 11 25 21 3 5 2 1 8 11 24 0 17 16 7 10 22 9 26 4 20 14 19 18 15 23 12 6 25 21 3 5 11 
 13 8 17 16 7 10 22 9 26 4 20 14 19 18 15 23 12 6 25 21 3 5 2 1 8 11 24 0 4 24 21 3 5 2 1 8 11 24 0 17 16 7 10 22 9 26 4 20 14 19 18 15 23 12 6 25 21 3 5 2 24 
 14 2 16 7 10 22 9 26 4 20 14 19 18 15 23 12 6 25 21 3 5 2 1 8 11 24 0 17 5 0 3 5 2 1 8 11 24 0 17 16 7 10 22 9 26 4 20 14 19 18 15 23 12 6 25 21 3 5 2 1 0 
 15 5 7 10 22 9 26 4 20 14 19 18 15 23 12 6 25 21 3 5 2 1 8 11 24 0 17 16 6 17 5 2 1 8 11 24 0 17 16 7 10 22 9 26 4 20 14 19 18 15 23 12 6 25 21 3 5 2 1 8 17 
 16 9 10 22 9 26 4 20 14 19 18 15 23 12 6 25 21 3 5 2 1 8 11 24 0 17 16 7 7 16 2 1 8 11 24 0 17 16 7 10 22 9 26 4 20 14 19 18 15 23 12 6 25 21 3 5 2 1 8 11 16 
 17 10 22 9 26 4 20 14 19 18 15 23 12 6 25 21 3 5 2 1 8 11 24 0 17 16 7 10 8 7 1 8 11 24 0 17 16 7 10 22 9 26 4 20 14 19 18 15 23 12 6 25 21 3 5 2 1 8 11 24 7 
 18 17 9 26 4 20 14 19 18 15 23 12 6 25 21 3 5 2 1 8 11 24 0 17 16 7 10 22 9 10 8 11 24 0 17 16 7 10 22 9 26 4 20 14 19 18 15 23 12 6 25 21 3 5 2 1 8 11 24 0 10 
 19 8 26 4 20 14 19 18 15 23 12 6 25 21 3 5 2 1 8 11 24 0 17 16 7 10 22 9 10 22 11 24 0 17 16 7 10 22 9 26 4 20 14 19 18 15 23 12 6 25 21 3 5 2 1 8 11 24 0 17 22 
 20 8 4 20 14 19 18 15 23 12 6 25 21 3 5 2 1 8 11 24 0 17 16 7 10 22 9 26 11 12 24 0 17 16 7 10 22 9 26 4 20 14 19 18 15 23 12 6 25 21 3 5 2 1 8 11 24 0 17 16 12 
 21 18 20 14 19 18 15 23 12 6 25 21 3 5 2 1 8 11 24 0 17 16 7 10 22 9 26 4 12 9 0 17 16 7 10 22 9 26 4 20 14 19 18 15 23 12 6 25 21 3 5 2 1 8 11 24 0 17 16 7 9 
 40 22 17 14 19 18 15 23 12 6 25 21 3 5 2 1 8 11 24 0 17 16 7 10 22 9 26 4 20 13 26 17 16 7 10 22 9 26 4 20 14 19 18 15 23 12 6 25 21 3 5 2 1 8 11 24 0 17 16 7 10 26 
 41 23 9 19 18 15 23 12 6 25 21 3 5 2 1 8 11 24 0 17 16 7 10 22 9 26 4 20 14 14 4 16 7 10 22 9 26 4 20 14 19 18 15 23 12 6 25 21 3 5 2 1 8 11 24 0 17 16 7 10 22 9 4 
 42 24 6 18 15 23 12 6 25 21 3 5 2 1 8 11 24 0 17 16 7 10 22 9 26 4 20 14 19 15 5 7 10 22 9 26 4 20 14 19 18 15 23 12 6 25 21 3 5 2 1 8 11 24 0 17 16 7 10 22 9 5 
 36 25 19 15 23 12 6 25 21 3 5 2 1 8 11 24 0 17 16 7 10 22 9 26 4 20 14 19 18 16 21 10 22 9 26 4 20 14 19 18 15 23 12 6 25 21 3 5 2 1 8 11 24 0 17 16 7 10 22 9 26 21 
 43 26 20 23 12 6 25 21 3 5 2 1 8 11 24 0 17 16 7 10 22 9 26 4 20 14 19 18 15 17 20 22 9 26 4 20 14 19 18 15 23 12 6 25 21 3 5 2 1 8 11 24 0 17 16 7 10 22 9 26 4 20 
 39 27 20 12 6 25 21 3 5 2 1 8 11 24 0 17 16 7 10 22 9 26 4 20 14 19 18 15 23 18 6 9 26 4 20 14 19 18 15 23 12 6 25 21 3 5 2 1 8 11 24 0 17 16 7 10 22 9 26 4 20 6 
 35 28 21 6 25 21 3 5 2 1 8 11 24 0 17 16 7 10 22 9 26 4 20 14 19 18 15 23 12 19 2 26 4 20 14 19 18 15 23 12 6 25 21 3 5 2 1 8 11 24 0 17 16 7 10 22 9 26 4 20 14 2 
 44 29 6 25 21 3 5 2 1 8 11 24 0 17 16 7 10 22 9 26 4 20 14 19 18 15 23 12 6 20 3 4 20 14 19 18 15 23 12 6 25 21 3 5 2 1 8 11 24 0 17 16 7 10 22 9 26 4 20 14 19 3 
 41 30 4 21 3 5 2 1 8 11 24 0 17 16 7 10 22 9 26 4 20 14 19 18 15 23 12 6 25 21 14 20 14 19 18 15 23 12 6 25 21 3 5 2 1 8 11 24 0 17 16 7 10 22 9 26 4 20 14 19 18 14 
 45 31 16 3 5 2 1 8 11 24 0 17 16 7 10 22 9 26 4 20 14 19 18 15 23 12 6 25 21 22 19 14 19 18 15 23 12 6 25 21 3 5 2 1 8 11 24 0 17 16 7 10 22 9 26 4 20 14 19 18 15 19 
 44 32 12 5 2 1 8 11 24 0 17 16 7 10 22 9 26 4 20 14 19 18 15 23 12 6 25 21 3 23 18 19 18 15 23 12 6 25 21 3 5 2 1 8 11 24 0 17 16 7 10 22 9 26 4 20 14 19 18 15 23 18 
 35 33 2 2 1 8 11 24 0 17 16 7 10 22 9 26 4 20 14 19 18 15 23 12 6 25 21 3 5 24 15 18 15 23 12 6 25 21 3 5 2 1 8 11 24 0 17 16 7 10 22 9 26 4 20 14 19 18 15 23 12 15 
 31 34 2 1 8 11 24 0 17 16 7 10 22 9 26 4 20 14 19 18 15 23 12 6 25 21 3 5 2 25 25 15 23 12 6 25 21 3 5 2 1 8 11 24 0 17 16 7 10 22 9 26 4 20 14 19 18 15 23 12 6 25 
 35 5 8 11 24 0 17 16 7 10 22 9 26 4 20 14 19 18 15 23 12 6 25 21 3 5 2 1 26 23 23 12 6 25 21 3 5 2 1 8 11 24 0 17 16 7 10 22 9 26 4 20 14 19 18 15 23 12 6 25 23 
 V44+1 36 3 11 24 0 17 16 7 10 22 9 26 4 20 14 19 18 15 23 12 6 25 21 3 5 2 1 8 1 8 11 24 0 17 16 7 10 22 12 9 26 4 5 21 20 6 2 3 14 19 18 15 25 23 1 8 11 24 0 
 V45+1 37 18 24 0 17 16 7 10 22 9 26 4 20 14 19 18 15 23 12 6 25 21 3 5 2 1 8 11 1 BW46+1 2 3 4 5 6 7 8 9 10 11 12 13 14 15 16 17 18 19 20 21 22 23 24 25 26 27 28 29 30 31 
 38 3 0 17 16 7 10 22 9 26 4 20 14 19 18 15 23 12 6 25 21 3 5 2 1 8 11 24 
 39 20 17 16 7 10 22 9 26 4 20 14 19 18 15 23 12 6 25 21 3 5 2 1 8 11 24 0 
 40 2 16 7 10 22 9 26 4 20 14 19 18 15 23 12 6 25 21 3 5 2 1 8 11 24 0 17 
 41 22 7 10 22 9 26 4 20 14 19 18 15 23 12 6 25 21 3 5 2 1 8 11 24 0 17 16 
 42 20 10 22 9 26 4 20 14 19 18 15 23 12 6 25 21 3 5 2 1 8 11 24 0 17 16 7 
 43 2 22 9 26 4 20 14 19 18 15 23 12 6 25 21 3 5 2 1 8 11 24 0 17 16 7 10 
 44 2 9 26 4 20 14 19 18 15 23 12 6 25 21 3 5 2 1 8 11 24 0 17 16 7 10 22 
 45 0 26 4 20 14 19 18 15 23 12 6 25 21 3 5 2 1 8 11 24 0 17 16 7 10 22 9 
 46 12 4 20 14 19 18 15 23 12 6 25 21 3 5 2 1 8 11 24 0 17 16 7 10 22 9 26 
 47 23 20 14 19 18 15 23 12 6 25 21 3 5 2 1 8 11 24 0 17 16 7 10 22 9 26 4 
 48 23 14 19 18 15 23 12 6 25 21 3 5 2 1 8 11 24 0 17 16 7 10 22 9 26 4 20 
 49 18 19 18 15 23 12 6 25 21 3 5 2 1 8 11 24 0 17 16 7 10 22 9 26 4 20 14 
 50 1 18 15 23 12 6 25 21 3 5 2 1 8 11 24 0 17 16 7 10 22 9 26 4 20 14 19 
 51 3 15 23 12 6 25 21 3 5 2 1 8 11 24 0 17 16 7 10 22 9 26 4 20 14 19 18 
 52 22 23 12 6 25 21 3 5 2 1 8 11 24 0 17 16 7 10 22 9 26 4 20 14 19 18 15 
 53 12 12 6 25 21 3 5 2 1 8 11 24 0 17 16 7 10 22 9 26 4 20 14 19 18 15 23 
 1 9 6 25 21 3 5 2 1 8 11 24 0 17 16 7 10 22 9 26 4 20 14 19 18 15 23 12 
 2 14 25 21 3 5 2 1 8 11 24 0 17 16 7 10 22 9 26 4 20 14 19 18 15 23 12 6 
 3 24 21 3 5 2 1 8 11 24 0 17 16 7 10 22 9 26 4 20 14 19 18 15 23 12 6 25 
 4 10 3 5 2 1 8 11 24 0 17 16 7 10 22 9 26 4 20 14 19 18 15 23 12 6 25 21 
 5 1 5 2 1 8 11 24 0 17 16 7 10 22 9 26 4 20 14 19 18 15 23 12 6 25 21 3 
 6 18 2 1 8 11 24 0 17 16 7 10 22 9 26 4 20 14 19 18 15 23 12 6 25 21 3 5 
 7 10 1 8 11 24 0 17 16 7 10 22 9 26 4 20 14 19 18 15 23 12 6 25 21 3 5 2 
 8 4 8 11 24 0 17 16 7 10 22 9 26 4 20 14 19 18 15 23 12 6 25 21 3 5 2 1 
 9 17 11 24 0 17 16 7 10 22 9 26 4 20 14 19 18 15 23 12 6 25 21 3 5 2 1 8 
 10 8 24 0 17 16 7 10 22 9 26 4 20 14 19 18 15 23 12 6 25 21 3 5 2 1 8 11 
 31 11 4 0 17 16 7 10 22 9 26 4 20 14 19 18 15 23 12 6 25 21 3 5 2 1 8 11 24 
 32 12 25 17 16 7 10 22 9 26 4 20 14 19 18 15 23 12 6 25 21 3 5 2 1 8 11 24 0 
 33 13 21 16 7 10 22 9 26 4 20 14 19 18 15 23 12 6 25 21 3 5 2 1 8 11 24 0 17 
 34 14 19 7 10 22 9 26 4 20 14 19 18 15 23 12 6 25 21 3 5 2 1 8 11 24 0 17 16 
 35 15 3 10 22 9 26 4 20 14 19 18 15 23 12 6 25 21 3 5 2 1 8 11 24 0 17 16 7 
 34 16 3 22 9 26 4 20 14 19 18 15 23 12 6 25 21 3 5 2 1 8 11 24 0 17 16 7 10 
 36 17 26 9 26 4 20 14 19 18 15 23 12 6 25 21 3 5 2 1 8 11 24 0 17 16 7 10 22 
 32 18 23 26 4 20 14 19 18 15 23 12 6 25 21 3 5 2 1 8 11 24 0 17 16 7 10 22 9 
 37 19 17 4 20 14 19 18 15 23 12 6 25 21 3 5 2 1 8 11 24 0 17 16 7 10 22 9 26 
 38 20 21 20 14 19 18 15 23 12 6 25 21 3 5 2 1 8 11 24 0 17 16 7 10 22 9 26 4 
 39 21 12 14 19 18 15 23 12 6 25 21 3 5 2 1 8 11 24 0 17 16 7 10 22 9 26 4 20 
 22 18 19 18 15 23 12 6 25 21 3 5 2 1 8 11 24 0 17 16 7 10 22 9 26 4 20 14 
 V84+1 23 16 18 15 23 12 6 25 21 3 5 2 1 8 11 24 0 17 16 7 10 22 9 26 4 20 14 19 
 24 24 15 23 12 6 25 21 3 5 2 1 8 11 24 0 17 16 7 10 22 9 26 4 20 14 19 18 
 25 12 23 12 6 25 21 3 5 2 1 8 11 24 0 17 16 7 10 22 9 26 4 20 14 19 18 15 
 26 23 12 6 25 21 3 5 2 1 8 11 24 0 17 16 7 10 22 9 26 4 20 14 19 18 15 23 
 27 15 6 25 21 3 5 2 1 8 11 24 0 17 16 7 10 22 9 26 4 20 14 19 18 15 23 12 
 28 3 25 21 3 5 2 1 8 11 24 0 17 16 7 10 22 9 26 4 20 14 19 18 15 23 12 6 
 29 22 21 3 5 2 1 8 11 24 0 17 16 7 10 22 9 26 4 20 14 19 18 15 23 12 6 25 
 30 11 3 5 2 1 8 11 24 0 17 16 7 10 22 9 26 4 20 14 19 18 15 23 12 6 25 21 
 31 24 5 2 1 8 11 24 0 17 16 7 10 22 9 26 4 20 14 19 18 15 23 12 6 25 21 3 
 32 10 2 1 8 11 24 0 17 16 7 10 22 9 26 4 20 14 19 18 15 23 12 6 25 21 3 5 
 33 16 1 8 11 24 0 17 16 7 10 22 9 26 4 20 14 19 18 15 23 12 6 25 21 3 5 2 
 34 12 8 11 24 0 17 16 7 10 22 9 26 4 20 14 19 18 15 23 12 6 25 21 3 5 2 1 
 35 14 11 24 0 17 16 7 10 22 9 26 4 20 14 19 18 15 23 12 6 25 21 3 5 2 1 8 
 36 7 24 0 17 16 7 10 22 9 26 4 20 14 19 18 15 23 12 6 25 21 3 5 2 1 8 11 
 37 14 0 17 16 7 10 22 9 26 4 20 14 19 18 15 23 12 6 25 21 3 5 2 1 8 11 24 
 38 1 17 16 7 10 22 9 26 4 20 14 19 18 15 23 12 6 25 21 3 5 2 1 8 11 24 0 
 39 14 16 7 10 22 9 26 4 20 14 19 18 15 23 12 6 25 21 3 5 2 1 8 11 24 0 17 
 40 0 7 10 22 9 26 4 20 14 19 18 15 23 12 6 25 21 3 5 2 1 8 11 24 0 17 16 
 41 12 10 22 9 26 4 20 14 19 18 15 23 12 6 25 21 3 5 2 1 8 11 24 0 17 16 7 
 42 11 22 9 26 4 20 14 19 18 15 23 12 6 25 21 3 5 2 1 8 11 24 0 17 16 7 10 
 43 1 9 26 4 20 14 19 18 15 23 12 6 25 21 3 5 2 1 8 11 24 0 17 16 7 10 22 
 44 6 26 4 20 14 19 18 15 23 12 6 25 21 3 5 2 1 8 11 24 0 17 16 7 10 22 9 
 
 
 
 
 
 
 
 
## xl/worksheets/sheet2.xml
 
 0 1 2 3 4 5 6 3 7 0 1 2 3 8 0 6 9 10 4 11 9 5 11 12 
 1 E2+1 2 F2+1 3 4 5 6 7 8 9 10 11 12 13 14 15 16 17 18 19 20 21 22 23 24 25 26 27 28 29 30 31 32 33 34 35 36 37 38 39 40 41 42 43 44 45 46 47 48 49 50 51 52 53 54 55 56 57 58 59 60 61 62 63 64 65 66 BR2+1 67 68 69 70 71 72 73 74 75 76 77 78 79 80 81 82 83 84 85 86 87 88 89 90 91 92 93 94 95 96 97 
 13 5 8 12 6 14 5 15 5 16 7 14 9 8 2 5 9 10 17 8 8 18 17 9 6 19 20 20 21 6 4 16 12 2 2 5 3 18 3 20 2 22 20 2 2 0 12 23 23 18 1 3 22 12 9 14 24 10 1 18 10 4 17 8 4 25 21 19 3 3 26 23 17 21 12 18 16 24 12 23 15 3 22 11 24 10 16 12 14 7 14 1 14 0 12 11 1 6 
 27 
 28 
 47 46 
 48 
 49 29 
 1 5 12 6 25 21 3 5 2 1 8 11 24 0 17 16 7 10 22 9 26 4 20 14 19 18 15 23 
 2 8 6 25 21 3 5 2 1 8 11 24 0 17 16 7 10 22 9 26 4 20 14 19 18 15 23 12 
 3 12 25 21 3 5 2 1 8 11 24 0 17 16 7 10 22 9 26 4 20 14 19 18 15 23 12 6 
 4 6 21 3 5 2 1 8 11 24 0 17 16 7 10 22 9 26 4 20 14 19 18 15 23 12 6 25 
 5 14 3 5 2 1 8 11 24 0 17 16 7 10 22 9 26 4 20 14 19 18 15 23 12 6 25 21 
 6 5 5 2 1 8 11 24 0 17 16 7 10 22 9 26 4 20 14 19 18 15 23 12 6 25 21 3 
 7 15 2 1 8 11 24 0 17 16 7 10 22 9 26 4 20 14 19 18 15 23 12 6 25 21 3 5 30 
 8 5 1 8 11 24 0 17 16 7 10 22 9 26 4 20 14 19 18 15 23 12 6 25 21 3 5 2 1 BW17+1 2 3 4 5 6 7 8 9 10 11 12 13 14 15 16 17 18 19 20 21 22 23 24 25 26 27 28 29 30 31 
 9 16 8 11 24 0 17 16 7 10 22 9 26 4 20 14 19 18 15 23 12 6 25 21 3 5 2 1 1 8 11 24 0 17 16 7 10 22 12 9 26 4 5 21 20 6 2 3 14 19 18 15 25 23 1 8 11 24 0 
 10 7 11 24 0 17 16 7 10 22 9 26 4 20 14 19 18 15 23 12 6 25 21 3 5 2 1 8 1 1 12 6 25 21 3 5 2 1 8 11 24 0 17 16 7 10 22 9 26 4 20 14 19 18 15 23 12 6 25 21 1 
 31 11 14 24 0 17 16 7 10 22 9 26 4 20 14 19 18 15 23 12 6 25 21 3 5 2 1 8 11 BU19+1 2 8 6 25 21 3 5 2 1 8 11 24 0 17 16 7 10 22 9 26 4 20 14 19 18 15 23 12 6 25 21 3 8 
 32 12 9 0 17 16 7 10 22 9 26 4 20 14 19 18 15 23 12 6 25 21 3 5 2 1 8 11 24 3 11 25 21 3 5 2 1 8 11 24 0 17 16 7 10 22 9 26 4 20 14 19 18 15 23 12 6 25 21 3 5 11 
 33 13 8 17 16 7 10 22 9 26 4 20 14 19 18 15 23 12 6 25 21 3 5 2 1 8 11 24 0 4 24 21 3 5 2 1 8 11 24 0 17 16 7 10 22 9 26 4 20 14 19 18 15 23 12 6 25 21 3 5 2 24 
 34 14 2 16 7 10 22 9 26 4 20 14 19 18 15 23 12 6 25 21 3 5 2 1 8 11 24 0 17 5 0 3 5 2 1 8 11 24 0 17 16 7 10 22 9 26 4 20 14 19 18 15 23 12 6 25 21 3 5 2 1 0 
 35 15 5 7 10 22 9 26 4 20 14 19 18 15 23 12 6 25 21 3 5 2 1 8 11 24 0 17 16 6 17 5 2 1 8 11 24 0 17 16 7 10 22 9 26 4 20 14 19 18 15 23 12 6 25 21 3 5 2 1 8 17 
 34 16 9 10 22 9 26 4 20 14 19 18 15 23 12 6 25 21 3 5 2 1 8 11 24 0 17 16 7 7 16 2 1 8 11 24 0 17 16 7 10 22 9 26 4 20 14 19 18 15 23 12 6 25 21 3 5 2 1 8 11 16 
 36 17 10 22 9 26 4 20 14 19 18 15 23 12 6 25 21 3 5 2 1 8 11 24 0 17 16 7 10 8 7 1 8 11 24 0 17 16 7 10 22 9 26 4 20 14 19 18 15 23 12 6 25 21 3 5 2 1 8 11 24 7 
 32 18 17 9 26 4 20 14 19 18 15 23 12 6 25 21 3 5 2 1 8 11 24 0 17 16 7 10 22 9 10 8 11 24 0 17 16 7 10 22 9 26 4 20 14 19 18 15 23 12 6 25 21 3 5 2 1 8 11 24 0 10 
 37 19 8 26 4 20 14 19 18 15 23 12 6 25 21 3 5 2 1 8 11 24 0 17 16 7 10 22 9 10 22 11 24 0 17 16 7 10 22 9 26 4 20 14 19 18 15 23 12 6 25 21 3 5 2 1 8 11 24 0 17 22 
 38 20 8 4 20 14 19 18 15 23 12 6 25 21 3 5 2 1 8 11 24 0 17 16 7 10 22 9 26 11 12 24 0 17 16 7 10 22 9 26 4 20 14 19 18 15 23 12 6 25 21 3 5 2 1 8 11 24 0 17 16 12 
 39 21 18 20 14 19 18 15 23 12 6 25 21 3 5 2 1 8 11 24 0 17 16 7 10 22 9 26 4 12 9 0 17 16 7 10 22 9 26 4 20 14 19 18 15 23 12 6 25 21 3 5 2 1 8 11 24 0 17 16 7 9 
 40 22 17 14 19 18 15 23 12 6 25 21 3 5 2 1 8 11 24 0 17 16 7 10 22 9 26 4 20 13 26 17 16 7 10 22 9 26 4 20 14 19 18 15 23 12 6 25 21 3 5 2 1 8 11 24 0 17 16 7 10 26 
 41 23 9 19 18 15 23 12 6 25 21 3 5 2 1 8 11 24 0 17 16 7 10 22 9 26 4 20 14 14 4 16 7 10 22 9 26 4 20 14 19 18 15 23 12 6 25 21 3 5 2 1 8 11 24 0 17 16 7 10 22 9 4 
 42 24 6 18 15 23 12 6 25 21 3 5 2 1 8 11 24 0 17 16 7 10 22 9 26 4 20 14 19 15 5 7 10 22 9 26 4 20 14 19 18 15 23 12 6 25 21 3 5 2 1 8 11 24 0 17 16 7 10 22 9 5 
 36 25 19 15 23 12 6 25 21 3 5 2 1 8 11 24 0 17 16 7 10 22 9 26 4 20 14 19 18 16 21 10 22 9 26 4 20 14 19 18 15 23 12 6 25 21 3 5 2 1 8 11 24 0 17 16 7 10 22 9 26 21 
 43 26 20 23 12 6 25 21 3 5 2 1 8 11 24 0 17 16 7 10 22 9 26 4 20 14 19 18 15 17 20 22 9 26 4 20 14 19 18 15 23 12 6 25 21 3 5 2 1 8 11 24 0 17 16 7 10 22 9 26 4 20 
 39 27 20 12 6 25 21 3 5 2 1 8 11 24 0 17 16 7 10 22 9 26 4 20 14 19 18 15 23 18 6 9 26 4 20 14 19 18 15 23 12 6 25 21 3 5 2 1 8 11 24 0 17 16 7 10 22 9 26 4 20 6 
 35 28 21 6 25 21 3 5 2 1 8 11 24 0 17 16 7 10 22 9 26 4 20 14 19 18 15 23 12 19 2 26 4 20 14 19 18 15 23 12 6 25 21 3 5 2 1 8 11 24 0 17 16 7 10 22 9 26 4 20 14 2 
 44 29 6 25 21 3 5 2 1 8 11 24 0 17 16 7 10 22 9 26 4 20 14 19 18 15 23 12 6 20 3 4 20 14 19 18 15 23 12 6 25 21 3 5 2 1 8 11 24 0 17 16 7 10 22 9 26 4 20 14 19 3 
 41 30 4 21 3 5 2 1 8 11 24 0 17 16 7 10 22 9 26 4 20 14 19 18 15 23 12 6 25 21 14 20 14 19 18 15 23 12 6 25 21 3 5 2 1 8 11 24 0 17 16 7 10 22 9 26 4 20 14 19 18 14 
 45 31 16 3 5 2 1 8 11 24 0 17 16 7 10 22 9 26 4 20 14 19 18 15 23 12 6 25 21 22 19 14 19 18 15 23 12 6 25 21 3 5 2 1 8 11 24 0 17 16 7 10 22 9 26 4 20 14 19 18 15 19 
 44 32 12 5 2 1 8 11 24 0 17 16 7 10 22 9 26 4 20 14 19 18 15 23 12 6 25 21 3 23 18 19 18 15 23 12 6 25 21 3 5 2 1 8 11 24 0 17 16 7 10 22 9 26 4 20 14 19 18 15 23 18 
 35 33 2 2 1 8 11 24 0 17 16 7 10 22 9 26 4 20 14 19 18 15 23 12 6 25 21 3 5 24 15 18 15 23 12 6 25 21 3 5 2 1 8 11 24 0 17 16 7 10 22 9 26 4 20 14 19 18 15 23 12 15 
 31 34 2 1 8 11 24 0 17 16 7 10 22 9 26 4 20 14 19 18 15 23 12 6 25 21 3 5 2 25 25 15 23 12 6 25 21 3 5 2 1 8 11 24 0 17 16 7 10 22 9 26 4 20 14 19 18 15 23 12 6 25 
 35 5 8 11 24 0 17 16 7 10 22 9 26 4 20 14 19 18 15 23 12 6 25 21 3 5 2 1 26 23 23 12 6 25 21 3 5 2 1 8 11 24 0 17 16 7 10 22 9 26 4 20 14 19 18 15 23 12 6 25 23 
 V44+1 36 3 11 24 0 17 16 7 10 22 9 26 4 20 14 19 18 15 23 12 6 25 21 3 5 2 1 8 1 8 11 24 0 17 16 7 10 22 12 9 26 4 5 21 20 6 2 3 14 19 18 15 25 23 1 8 11 24 0 
 V45+1 37 18 24 0 17 16 7 10 22 9 26 4 20 14 19 18 15 23 12 6 25 21 3 5 2 1 8 11 1 BW46+1 2 3 4 5 6 7 8 9 10 11 12 13 14 15 16 17 18 19 20 21 22 23 24 25 26 27 28 29 30 31 
 38 3 0 17 16 7 10 22 9 26 4 20 14 19 18 15 23 12 6 25 21 3 5 2 1 8 11 24 
 39 20 17 16 7 10 22 9 26 4 20 14 19 18 15 23 12 6 25 21 3 5 2 1 8 11 24 0 
 40 2 16 7 10 22 9 26 4 20 14 19 18 15 23 12 6 25 21 3 5 2 1 8 11 24 0 17 
 41 22 7 10 22 9 26 4 20 14 19 18 15 23 12 6 25 21 3 5 2 1 8 11 24 0 17 16 
 42 20 10 22 9 26 4 20 14 19 18 15 23 12 6 25 21 3 5 2 1 8 11 24 0 17 16 7 
 43 2 22 9 26 4 20 14 19 18 15 23 12 6 25 21 3 5 2 1 8 11 24 0 17 16 7 10 
 44 2 9 26 4 20 14 19 18 15 23 12 6 25 21 3 5 2 1 8 11 24 0 17 16 7 10 22 
 45 0 26 4 20 14 19 18 15 23 12 6 25 21 3 5 2 1 8 11 24 0 17 16 7 10 22 9 
 46 12 4 20 14 19 18 15 23 12 6 25 21 3 5 2 1 8 11 24 0 17 16 7 10 22 9 26 
 47 23 20 14 19 18 15 23 12 6 25 21 3 5 2 1 8 11 24 0 17 16 7 10 22 9 26 4 
 48 23 14 19 18 15 23 12 6 25 21 3 5 2 1 8 11 24 0 17 16 7 10 22 9 26 4 20 
 49 18 19 18 15 23 12 6 25 21 3 5 2 1 8 11 24 0 17 16 7 10 22 9 26 4 20 14 
 50 1 18 15 23 12 6 25 21 3 5 2 1 8 11 24 0 17 16 7 10 22 9 26 4 20 14 19 
 51 3 15 23 12 6 25 21 3 5 2 1 8 11 24 0 17 16 7 10 22 9 26 4 20 14 19 18 
 52 22 23 12 6 25 21 3 5 2 1 8 11 24 0 17 16 7 10 22 9 26 4 20 14 19 18 15 
 53 12 12 6 25 21 3 5 2 1 8 11 24 0 17 16 7 10 22 9 26 4 20 14 19 18 15 23 
 1 9 6 25 21 3 5 2 1 8 11 24 0 17 16 7 10 22 9 26 4 20 14 19 18 15 23 12 
 2 14 25 21 3 5 2 1 8 11 24 0 17 16 7 10 22 9 26 4 20 14 19 18 15 23 12 6 
 3 24 21 3 5 2 1 8 11 24 0 17 16 7 10 22 9 26 4 20 14 19 18 15 23 12 6 25 
 4 10 3 5 2 1 8 11 24 0 17 16 7 10 22 9 26 4 20 14 19 18 15 23 12 6 25 21 
 5 1 5 2 1 8 11 24 0 17 16 7 10 22 9 26 4 20 14 19 18 15 23 12 6 25 21 3 
 6 18 2 1 8 11 24 0 17 16 7 10 22 9 26 4 20 14 19 18 15 23 12 6 25 21 3 5 
 7 10 1 8 11 24 0 17 16 7 10 22 9 26 4 20 14 19 18 15 23 12 6 25 21 3 5 2 
 8 4 8 11 24 0 17 16 7 10 22 9 26 4 20 14 19 18 15 23 12 6 25 21 3 5 2 1 
 9 17 11 24 0 17 16 7 10 22 9 26 4 20 14 19 18 15 23 12 6 25 21 3 5 2 1 8 
 10 8 24 0 17 16 7 10 22 9 26 4 20 14 19 18 15 23 12 6 25 21 3 5 2 1 8 11 
 31 11 4 0 17 16 7 10 22 9 26 4 20 14 19 18 15 23 12 6 25 21 3 5 2 1 8 11 24 
 32 12 25 17 16 7 10 22 9 26 4 20 14 19 18 15 23 12 6 25 21 3 5 2 1 8 11 24 0 
 33 13 21 16 7 10 22 9 26 4 20 14 19 18 15 23 12 6 25 21 3 5 2 1 8 11 24 0 17 
 34 14 19 7 10 22 9 26 4 20 14 19 18 15 23 12 6 25 21 3 5 2 1 8 11 24 0 17 16 
 35 15 3 10 22 9 26 4 20 14 19 18 15 23 12 6 25 21 3 5 2 1 8 11 24 0 17 16 7 
 34 16 3 22 9 26 4 20 14 19 18 15 23 12 6 25 21 3 5 2 1 8 11 24 0 17 16 7 10 
 36 17 26 9 26 4 20 14 19 18 15 23 12 6 25 21 3 5 2 1 8 11 24 0 17 16 7 10 22 
 32 18 23 26 4 20 14 19 18 15 23 12 6 25 21 3 5 2 1 8 11 24 0 17 16 7 10 22 9 
 37 19 17 4 20 14 19 18 15 23 12 6 25 21 3 5 2 1 8 11 24 0 17 16 7 10 22 9 26 
 38 20 21 20 14 19 18 15 23 12 6 25 21 3 5 2 1 8 11 24 0 17 16 7 10 22 9 26 4 
 39 21 12 14 19 18 15 23 12 6 25 21 3 5 2 1 8 11 24 0 17 16 7 10 22 9 26 4 20 
 40 22 18 19 18 15 23 12 6 25 21 3 5 2 1 8 11 24 0 17 16 7 10 22 9 26 4 20 14 
 41 V84+1 23 16 18 15 23 12 6 25 21 3 5 2 1 8 11 24 0 17 16 7 10 22 9 26 4 20 14 19 
 42 24 24 15 23 12 6 25 21 3 5 2 1 8 11 24 0 17 16 7 10 22 9 26 4 20 14 19 18 
 36 25 12 23 12 6 25 21 3 5 2 1 8 11 24 0 17 16 7 10 22 9 26 4 20 14 19 18 15 
 43 26 23 12 6 25 21 3 5 2 1 8 11 24 0 17 16 7 10 22 9 26 4 20 14 19 18 15 23 
 39 27 15 6 25 21 3 5 2 1 8 11 24 0 17 16 7 10 22 9 26 4 20 14 19 18 15 23 12 
 35 28 3 25 21 3 5 2 1 8 11 24 0 17 16 7 10 22 9 26 4 20 14 19 18 15 23 12 6 
 44 29 22 21 3 5 2 1 8 11 24 0 17 16 7 10 22 9 26 4 20 14 19 18 15 23 12 6 25 
 41 30 11 3 5 2 1 8 11 24 0 17 16 7 10 22 9 26 4 20 14 19 18 15 23 12 6 25 21 
 45 31 24 5 2 1 8 11 24 0 17 16 7 10 22 9 26 4 20 14 19 18 15 23 12 6 25 21 3 
 44 32 10 2 1 8 11 24 0 17 16 7 10 22 9 26 4 20 14 19 18 15 23 12 6 25 21 3 5 
 35 33 16 1 8 11 24 0 17 16 7 10 22 9 26 4 20 14 19 18 15 23 12 6 25 21 3 5 2 
 31 34 12 8 11 24 0 17 16 7 10 22 9 26 4 20 14 19 18 15 23 12 6 25 21 3 5 2 1 
 35 14 11 24 0 17 16 7 10 22 9 26 4 20 14 19 18 15 23 12 6 25 21 3 5 2 1 8 
 36 7 24 0 17 16 7 10 22 9 26 4 20 14 19 18 15 23 12 6 25 21 3 5 2 1 8 11 
 37 14 0 17 16 7 10 22 9 26 4 20 14 19 18 15 23 12 6 25 21 3 5 2 1 8 11 24 
 38 1 17 16 7 10 22 9 26 4 20 14 19 18 15 23 12 6 25 21 3 5 2 1 8 11 24 0 
 39 14 16 7 10 22 9 26 4 20 14 19 18 15 23 12 6 25 21 3 5 2 1 8 11 24 0 17 
 40 0 7 10 22 9 26 4 20 14 19 18 15 23 12 6 25 21 3 5 2 1 8 11 24 0 17 16 
 41 12 10 22 9 26 4 20 14 19 18 15 23 12 6 25 21 3 5 2 1 8 11 24 0 17 16 7 
 42 11 22 9 26 4 20 14 19 18 15 23 12 6 25 21 3 5 2 1 8 11 24 0 17 16 7 10 
 43 1 9 26 4 20 14 19 18 15 23 12 6 25 21 3 5 2 1 8 11 24 0 17 16 7 10 22 
 44 6 26 4 20 14 19 18 15 23 12 6 25 21 3 5 2 1 8 11 24 0 17 16 7 10 22 9 
 
 
 V106+V62 97 
 
 
 
 
 