## xl/sharedStrings.xml
 
 ? O B K R U X G H L S I F W V Q P N T J E Z A D Y M C I/J 
## xl/worksheets/sheet1.xml
 
 0 1 2 3 4 5 1 6 1 7 8 5 9 2 10 1 9 11 12 2 2 13 12 9 4 14 15 15 16 4 17 7 3 10 10 1 18 13 18 15 10 19 15 10 10 20 3 21 21 
 13 22 18 19 3 9 5 23 11 22 13 11 17 12 2 17 24 16 14 18 18 25 21 12 16 3 13 7 23 3 21 6 18 19 26 23 11 7 3 5 8 5 22 5 20 3 26 22 4 
 23 24 22 8 4 
 2 26 20 12 7 
 27 3 9 25 17 
 1 16 15 10 18 
 5 14 13 6 21 
 0 15 7 11 24 13 11 5 11 20 22 1 3 7 1 18 3 3 26 7 7 6 7 25 24 16 9 18 1 24 7 12 17 1 16 11 1 21 16 1 25 2 9 1 15 26 26 13 18 
 0 23 1 17 17 11 1 8 2 4 6 2 25 20 12 11 22 1 6 1 1 9 6 20 18 26 15 20 24 17 18 21 16 25 12 5 17 20 17 13 6 1 13 6 12 9 24 4 21 
 