[[page 1]]
.
A
B
C
D
E
F
G
H
I
J
K
L
M
N
O
P
Q
R
S
T
U
V
W
X
Y
Z
9
9
9
9
9
9
9
9
9
9
9
9
9
1 2
1 2 3
1 2 3
1
1
1
1 2
1 2 3
1 2 3
1 2 3
1
2
3 4 5 6
4 5 6
1 2 3
4 5 6
2 3
2 3
2 3
3 4 5 6
4 5 6
4 5 6
4 5 6
1 2 3
7 8 9
4 5 6
7 8 9
3
4
7 8
7 8
7 8 9
7 8
4 5 6 7
4
5 6
4 5 6 7
7 8
4 5 6
5
6
9
9
9
8 9
7
8 9
8 9
9
7 8 9
7 8 9
7 8 9
1
1
1 2
1
2 3
1 2 3
1
2
3
1 2 3
1
2 3
1
2 3
1
2 3
2 3
3 4 5
4
5 6
4 5 6
4
5
6
4
5
4
5 6
2 3 4
1
2
3
1 2 3
1 2 3
7 8 9
7
8
9
6
7
4
5
6
4 5 6
4 5 6
4 5 6
4 5 6
6 7 8
7 8
4
5 6
5 6 7
7
8
9
7 8 9
7 8 9
7 8 9
7 8 9
9
9
8
9
7
8 9
7
8 9
8 9
9
9
9
9
9
9
9
9
9
9
9
9
9
4
4
4
4
4
4
4
4
4
4
4
4
4
2
1
1 1
1
2
1 1
1 1
2 1
1 1
2
1 2
1 1
1
2
1
1
1 1
1 1 1
1 1
1 1
1 1
2
1
1
1
1 2
1
2
2 1
2
1
2
1
1
1
1
1
1
1
2
1
1
1
1
2
1
2
2
2 1
2 1
1
1 2
2
1
1
2
1 2
1
2
1
2
1 2
1 1
1 2
1 1
1
2
1
2 1
1
2
1 1
2
1
1 1
2 1
1 1
1
1
1 1 1
1
1
2
2
1
1
1
1
1 2
1 1
1 1
2 1
1
1
1
2
1 1
2
2
2
2
2
2
1 1 1 1
2
2
2
1
1
1
2 1
1 2
1
2
1
1
2
1
1
2
1
2
1
2
1
1
1
1
1
1
1
1
1
2
1
1
1
2
1
2
2
1
1
1
1
1
1
2
1
2
1
1
1
1
2
1
1
1
2
2
2
2
2
1 1
1 1
1 1
2
1
1 1
1
1
1
1
1
1 1
1 1
2
2
1 1 1 1
1
2
4
4
4
4
4
4
4
4
4
4
4
4
4
.

[[page 2]]
.
Y
A
H
U
D
V
B
T
W
S
J
L
K
C
I
R
M
Z
Q
N
P
F
O
G
E
G
X
.

[[page 3]]
.
Y
A
R
V
P
Q
T
W
I
H
O
E
C
K
S
U
Z
L
G
X
B
D
N
J
F
M
