## xl/sharedStrings.xml
 
 E M U F P H Z L R A X Y S D J K N G I V Q T B W C ? O x k 
## xl/worksheets/sheet1.xml
 
 0 1 2 3 4 5 6 7 8 3 9 10 11 2 12 13 14 15 6 7 13 15 8 16 12 5 17 16 3 18 19 14 32 
 11 20 21 20 2 10 20 22 20 19 11 2 19 7 7 21 8 0 19 14 11 20 21 1 15 11 8 13 1 3 13 31 
 19 3 4 14 2 13 0 0 5 6 23 0 21 6 11 19 17 23 5 15 15 20 0 21 17 3 20 14 16 24 0 31 
 17 17 23 5 15 15 25 13 20 1 24 4 3 20 6 13 20 1 1 18 9 17 4 3 10 5 20 8 7 17 30 
 21 18 1 19 1 6 14 9 16 20 7 19 15 20 0 13 9 17 13 19 3 8 4 14 2 16 17 0 2 16 9 31 
 20 6 17 6 7 0 24 17 11 2 10 2 0 0 16 14 21 22 14 7 22 20 24 8 21 22 14 13 3 5 8 8 32 
 11 18 6 0 21 15 6 0 1 19 13 2 3 15 12 14 5 15 3 23 5 15 2 23 20 7 12 6 3 21 18 31 
 5 5 13 13 13 2 19 5 25 13 23 15 22 3 2 3 4 23 16 21 13 3 18 11 24 2 20 6 0 8 0 31 
 0 19 7 13 15 3 0 6 1 26 20 20 14 7 21 21 2 17 12 11 20 4 3 0 2 16 7 9 19 18 13 10 32 
 3 7 17 17 21 0 6 25 3 15 6 22 12 3 13 20 19 17 26 17 18 4 2 3 10 5 5 13 8 15 3 31 
 3 5 20 16 21 17 4 2 9 0 24 16 2 19 4 13 14 1 20 24 7 20 2 1 2 16 0 13 3 20 30 
 0 7 6 6 19 8 8 17 15 3 3 19 26 0 0 10 22 13 1 19 4 16 3 20 10 0 6 7 17 8 0 31 
 13 16 20 3 1 4 16 6 17 7 3 7 4 1 8 14 20 11 9 7 1 17 16 2 19 4 13 10 19 15 4 31 
 13 20 2 1 0 22 0 13 1 5 13 9 3 1 14 17 6 16 2 4 7 17 0 12 23 14 7 7 9 0 21 17 32 
 0 16 13 11 9 5 8 26 5 16 7 12 8 5 0 26 24 4 21 0 26 18 22 18 13 11 12 5 16 9 18 9 32 
 24 5 21 16 8 0 11 2 7 13 12 7 7 12 7 7 16 26 5 12 16 26 12 1 8 23 10 1 16 0 30 
 21 4 8 16 17 9 21 18 5 16 8 9 8 4 0 12 7 16 16 0 7 0 22 7 4 18 18 9 24 9 0 31 
 23 1 21 23 16 13 18 21 0 0 16 8 9 5 24 21 0 16 0 2 13 8 0 21 16 5 9 0 26 0 30 
 21 3 26 7 12 0 13 21 18 23 0 16 5 9 0 18 26 11 21 0 11 20 5 0 0 16 24 21 9 11 24 8 32 
 0 18 3 21 22 8 12 4 9 1 5 5 0 23 0 16 9 21 9 1 9 21 0 17 11 0 0 8 7 22 30 
 21 0 0 3 26 9 12 3 18 26 21 2 0 21 2 9 0 26 21 26 9 8 1 9 0 0 8 21 16 8 21 18 32 
 22 12 0 13 13 16 18 9 9 5 21 21 1 12 21 0 23 4 18 0 8 26 9 17 8 18 0 23 3 0 22 31 
 9 0 24 21 13 13 5 18 7 24 0 18 5 12 18 21 0 17 26 0 9 26 12 13 13 8 11 13 7 26 8 18 21 33 
 8 15 7 1 7 0 5 9 17 21 13 5 9 8 13 4 16 0 26 5 1 17 3 1 3 0 2 5 0 29 
 0 24 13 1 8 18 4 3 0 18 1 0 5 16 7 12 12 21 21 8 21 19 13 26 5 23 25 26 22 15 8 31 
 2 26 10 26 17 5 2 7 22 12 26 7 18 3 22 22 23 3 7 8 19 20 20 4 8 16 17 15 12 12 26 31 
 21 23 21 20 12 14 20 12 12 0 15 6 6 23 9 21 14 15 7 2 13 18 9 23 18 16 3 22 16 11 4 31 
 19 21 21 1 6 3 4 15 23 17 13 15 6 10 21 14 24 13 18 17 15 2 5 2 9 2 0 15 24 9 8 31 
 1 2 3 4 5 6 7 8 9 10 11 12 13 14 15 16 17 18 19 20 21 22 23 24 25 26 27 28 29 30 31 32 33 
 0 1 2 3 4 5 6 7 8 3 9 10 11 2 12 13 14 15 6 7 13 15 8 16 12 5 17 16 3 18 19 1 
 14 11 20 21 20 2 10 20 22 20 19 11 2 19 7 7 21 8 0 19 14 11 20 21 1 15 11 8 13 1 3 2 
 13 19 3 4 14 2 13 0 0 5 6 23 0 21 6 11 19 17 23 5 15 15 20 0 21 17 3 20 14 16 24 3 
 0 17 17 23 5 15 15 25 13 20 1 24 4 3 20 6 13 20 1 1 18 9 17 4 3 10 5 20 8 7 17 4 
 21 18 1 19 1 6 14 9 16 20 7 19 15 20 0 13 9 17 13 19 3 8 4 14 2 16 17 0 2 16 9 5 
 20 6 17 6 7 0 24 17 11 2 10 2 0 0 16 14 21 22 14 7 22 20 24 8 21 22 14 13 3 5 8 6 
 8 11 18 6 0 21 15 6 0 1 19 13 2 3 15 12 14 5 15 3 23 5 15 2 23 20 7 12 6 3 21 7 2 26 27 
 18 5 5 13 13 13 2 19 5 25 13 23 15 22 3 2 3 4 23 16 21 13 3 18 11 24 2 20 6 0 8 8 6 24 28 
 0 0 19 7 13 15 3 0 6 1 26 20 20 14 7 21 21 2 17 12 11 20 4 3 0 2 16 7 9 19 18 9 15 13 27 
 13 10 3 7 17 17 21 0 6 25 3 15 6 22 12 3 13 20 19 17 26 17 18 4 2 3 10 5 5 13 8 10 
 15 3 3 5 20 16 21 17 4 2 9 0 24 16 2 19 4 13 14 1 20 24 7 20 2 1 2 16 0 13 3 11 
 20 0 7 6 6 19 8 8 17 15 3 3 19 26 0 0 10 22 13 1 19 4 16 3 20 10 0 6 7 17 8 12 22 15 8 2 11 18 
 0 13 16 20 3 1 4 16 6 17 7 3 7 4 1 8 14 20 11 9 7 1 17 16 2 19 4 13 10 19 15 13 0 9 12 5 1 19 0 9 12 
 4 13 20 2 1 0 22 0 13 1 5 13 9 3 1 14 17 6 16 2 4 7 17 0 12 23 14 7 7 9 0 14 0 15 6 5 11 26 
 21 17 0 16 13 11 9 5 8 26 5 16 7 12 8 5 0 26 24 4 21 0 26 18 22 18 13 11 12 5 16 15 14 15 7 10 11 12 
 9 18 9 24 5 21 16 8 0 11 2 7 13 12 7 7 12 7 7 16 26 5 12 16 26 12 1 8 23 10 1 16 24 15 23 3 11 23 24 15 25 
 16 0 21 4 8 16 17 9 21 18 5 16 8 9 8 4 0 12 7 16 16 0 7 0 22 7 4 18 18 9 24 17 13 15 6 4 11 26 
 9 0 23 1 21 23 16 13 18 21 0 0 16 8 9 5 24 21 0 16 0 2 13 8 0 21 16 5 9 0 26 18 17 15 2 7 11 21 
 0 21 3 26 7 12 0 13 21 18 23 0 16 5 9 0 18 26 11 21 0 11 20 5 0 0 16 24 21 9 11 19 0 15 24 5 11 3 
 24 8 0 18 3 21 22 8 12 4 9 1 5 5 0 23 0 16 9 21 9 1 9 21 0 17 11 0 0 8 7 20 
 22 21 0 0 3 26 9 12 3 18 26 21 2 0 21 2 9 0 26 21 26 9 8 1 9 0 0 8 21 16 8 21 
 21 18 22 12 0 13 13 16 18 9 9 5 21 21 1 12 21 0 23 4 18 0 8 26 9 17 8 18 0 23 3 22 22 15 8 2 11 18 
 0 22 9 0 24 21 13 13 5 18 7 24 0 18 5 12 18 21 0 17 26 0 9 26 12 13 13 8 11 13 7 23 17 15 12 7 11 19 
 26 8 18 21 8 15 7 1 7 0 5 9 17 21 13 5 9 8 13 4 16 0 26 5 1 17 3 1 3 0 2 24 0 15 6 5 11 26 
 5 0 0 24 13 1 8 18 4 3 0 18 1 0 5 16 7 12 12 21 21 8 21 19 13 26 5 23 25 26 22 25 14 15 7 10 11 12 
 15 8 2 26 10 26 17 5 2 7 22 12 26 7 18 3 22 22 23 3 7 8 19 20 20 4 8 16 17 15 12 26 4 15 23 16 11 23 
 12 26 21 23 21 20 12 14 20 12 12 0 15 6 6 23 9 21 14 15 7 2 13 18 9 23 18 16 3 22 16 27 13 15 6 4 11 26 
 11 4 19 21 21 1 6 3 4 15 23 17 13 15 6 10 21 14 24 13 18 17 15 2 5 2 9 2 0 15 24 28 17 15 2 7 11 21 
 9 8 29 0 15 24 5 11 3 
 30 
 
 
 
 
 
 
 
 
 
 
 
 
 
 
 
 
 
 
 
 
 
 
 
 
 
 
 
 
 
 
 