## xl/sharedStrings.xml
 
 Proposed Solution X C L O S E J M A R K I G T D U N Q H Alternative Solution Y P B W F V 
## xl/worksheets/sheet1.xml
 
 1 2 3 4 5 6 7 8 9 10 11 12 13 14 15 16 17 18 19 20 21 22 23 24 25 26 27 28 29 30 31 32 33 
 0 1 2 3 4 5 6 7 8 9 10 11 5 12 13 1 14 15 16 17 12 14 18 6 9 14 17 17 4 14 19 6 9 5 
 20 1 2 3 4 5 6 7 5 19 18 
 14 4 7 12 8 1 1 
 
 34 35 36 37 38 39 40 41 42 43 44 45 46 47 48 49 50 51 52 53 54 55 56 57 58 59 60 61 62 63 64 65 66 
 14 1 1 5 12 13 17 19 9 15 9 8 5 11 6 15 14 21 22 12 17 13 1 1 19 6 10 6 12 17 17 23 6 
 24 24 
 
 67 68 69 70 71 72 73 74 75 76 77 78 79 80 81 82 83 84 85 86 87 88 89 90 91 92 93 94 95 96 97 
 10 3 12 2 3 4 2 11 5 5 9 10 6 13 10 12 15 5 1 8 4 26 15 4 24 17 22 9 22 6 10 
 25 17 7 6 1 1 6 21 17 3 
 25 
 