## xl/sharedStrings.xml
 
 B E T W N S U L H A D I G K1 C O F Q Y V P ? R M X K K2 K3 
## xl/worksheets/sheet1.xml
 
 
 
 0 1 2 3 1 1 4 5 6 0 2 7 1 5 8 9 10 11 4 12 9 4 10 2 8 1 9 0 5 1 4 
 13 14 1 15 16 7 11 12 8 2 7 11 1 5 2 8 1 4 6 9 4 14 1 15 16 11 17 7 6 5 11 15 
 4 11 2 3 9 5 2 15 2 9 7 7 18 11 4 19 11 5 11 0 7 1 8 15 3 5 2 8 9 2 20 
 15 5 5 11 0 7 1 21 2 8 1 18 6 5 1 10 2 8 1 1 9 22 2 8 5 23 9 12 4 1 2 
 11 14 16 11 1 7 10 24 2 8 1 11 4 16 15 22 23 9 2 11 15 4 3 9 5 12 9 2 8 1 22 
 1 10 9 4 10 2 22 9 4 5 23 11 2 2 1 10 6 4 10 1 22 12 22 6 6 4 10 2 15 9 4 
 6 4 25 4 15 3 4 7 15 14 9 2 11 15 4 24 10 15 1 5 7 9 4 12 7 1 18 25 4 15 3 
 9 0 15 6 2 2 8 11 5 21 2 8 1 18 5 8 15 6 7 10 11 2 5 0 6 22 11 1 10 15 6 
 26 2 2 8 1 22 1 5 15 23 1 3 8 1 22 1 24 3 8 15 25 4 15 3 5 2 8 1 1 24 9 14 
 2 7 15 14 9 2 11 15 4 21 15 4 7 18 3 3 2 8 11 5 3 9 5 8 11 5 7 9 5 2 23 
 1 5 5 9 12 1 24 2 8 11 22 2 18 1 11 12 8 2 10 1 12 22 1 1 5 16 11 16 2 18 5 
 1 19 1 4 23 11 4 6 2 1 5 5 11 24 20 15 11 4 2 16 11 19 1 5 1 14 15 4 10 5 4 
 15 22 2 8 5 1 19 1 4 2 18 5 1 19 1 4 10 1 12 22 1 1 5 1 11 12 8 2 23 11 4 
 6 2 1 5 16 15 22 2 18 16 15 6 22 5 1 14 15 4 10 5 3 1 5 2 24 7 9 18 1 22 2 
 3 15 5 7 15 3 7 18 10 1 5 20 9 22 9 2 7 18 5 7 15 3 7 18 2 8 1 22 1 23 9 
 11 4 5 15 16 20 9 5 5 9 12 1 10 1 0 22 11 5 2 8 9 2 1 4 14 6 23 0 1 22 1 
 10 2 8 1 7 15 3 1 22 20 9 22 2 15 16 2 8 1 10 15 15 22 3 9 18 3 9 5 22 1 23 
 15 19 1 10 3 11 2 8 2 22 1 23 0 7 11 4 12 8 9 4 10 5 11 23 9 10 1 9 2 11 4 
 27 18 0 22 1 9 14 8 11 4 2 8 1 6 20 20 1 22 7 1 16 2 8 9 4 10 14 15 22 4 1 22 
 9 4 10 2 8 1 4 3 11 10 1 4 11 4 12 2 8 1 8 15 7 1 9 7 11 2 2 7 1 11 11 
 4 5 1 22 2 1 10 2 8 1 14 9 4 10 7 1 9 4 10 20 1 1 22 1 10 11 4 2 8 1 8 
 15 2 9 11 22 1 5 14 9 20 11 4 12 16 22 15 23 2 8 1 14 8 9 23 0 1 22 14 9 6 5 
 1 10 2 8 1 16 7 9 23 1 2 15 16 7 11 14 25 1 22 0 6 2 20 22 1 5 1 4 2 7 18 
 10 1 2 9 11 7 5 15 16 2 8 1 22 15 15 23 3 11 2 8 11 4 1 23 1 22 12 1 10 16 22 
 15 23 2 8 1 23 11 5 2 24 14 9 4 18 15 6 5 1 1 9 4 18 2 8 11 4 12 17 21 
 
 
 0 1 22 7 11 4 
 
 4 18 20 19 2 2 
 
 
 
 
 
 
 
 
 
 
 
 
 
 
 
 
 
 
 
 
 
 
 
 
 
 
 
 
 
 
 
 
 