## xl/sharedStrings.xml
 
 T Z W G K J C I H U A R V M F P D X E N B Y O L Q S Algorithm Applied Beginning on 2nd Line = Regular Alphabet Column Used in Substitution Kryptos Alphabet Column Used in Substitution Last Column on Right Side Used in Substitution Substitution for Raised Letters Substitution for Non-Raised Letters Reassembled K4 after Substitutions Position 64:69 Pos: 
## xl/worksheets/sheet1.xml
 
 26 
 
 
 22 
 20 4 11 
 9 22 22 23 20 22 20 20 14 24 24 11 25 25 
 17 3 8 9 25 23 7 14 2 23 11 12 15 19 3 4 22 
 0 25 5 25 1 1 10 23 9 7 19 14 19 
 2 0 24 24 25 18 4 2 0 5 4 16 10 2 7 20 21 15 
 0 0 1 2 3 4 5 6 7 8 9 9 10 11 
 12 13 14 15 4 16 1 17 0 16 3 4 9 10 18 4 6 
 10 20 6 16 18 14 3 8 7 5 4 23 13 19 22 15 24 11 25 0 9 12 2 17 21 1 10 20 6 16 
 10 4 11 21 15 0 22 25 10 20 6 16 18 14 3 8 7 5 23 13 19 24 9 12 2 17 1 4 11 21 15 27 28 
 20 11 21 15 0 22 25 10 20 6 16 18 14 3 8 7 5 23 13 19 24 9 12 2 17 1 4 11 21 15 0 27 29 
 6 21 15 0 22 25 10 20 6 16 18 14 3 8 7 5 23 13 19 24 9 12 2 17 1 4 11 21 15 0 22 27 30 
 16 15 0 22 25 10 20 6 16 18 14 3 8 7 5 23 13 19 24 9 12 2 17 1 4 11 21 15 0 22 25 
 18 0 22 25 10 20 6 16 18 14 3 8 7 5 23 13 19 24 9 12 2 17 1 4 11 21 15 0 22 25 10 31 
 14 22 25 10 20 6 16 18 14 3 8 7 5 23 13 19 24 9 12 2 17 1 4 11 21 15 0 22 25 10 20 
 3 25 10 20 6 16 18 14 3 8 7 5 23 13 19 24 9 12 2 17 1 4 11 21 15 0 22 25 10 20 6 15 0 22 25 10 20 6 16 18 14 3 8 7 5 23 13 19 24 9 12 2 17 1 4 11 21 
 8 10 20 6 16 18 14 3 8 7 5 23 13 19 24 9 12 2 17 1 4 11 21 15 0 22 25 10 20 6 16 10 20 6 16 18 14 3 8 7 5 4 23 13 19 22 15 24 11 25 0 9 12 2 17 21 1 
 7 20 6 16 18 14 3 8 7 5 23 13 19 24 9 12 2 17 1 4 11 21 15 0 22 25 10 20 6 16 18 
 5 6 16 18 14 3 8 7 5 23 13 19 24 9 12 2 17 1 4 11 21 15 0 22 25 10 20 6 16 18 14 32 
 4 16 18 14 3 8 7 5 23 13 19 24 9 12 2 17 1 4 11 21 15 0 22 25 10 20 6 16 18 14 3 
 23 18 14 3 8 7 5 23 13 19 24 9 12 2 17 1 4 11 21 15 0 22 25 10 20 6 16 18 14 3 8 15 0 22 25 10 20 6 16 18 14 3 8 7 5 23 13 19 24 9 12 2 17 1 4 11 21 
 13 14 3 8 7 5 23 13 19 24 9 12 2 17 1 4 11 21 15 0 22 25 10 20 6 16 18 14 3 8 7 4 11 21 15 0 22 25 10 20 6 16 18 14 3 8 7 5 23 13 19 24 9 12 2 17 1 
 19 3 8 7 5 23 13 19 24 9 12 2 17 1 4 11 21 15 0 22 25 10 20 6 16 18 14 3 8 7 5 
 22 8 7 5 23 13 19 24 9 12 2 17 1 4 11 21 15 0 22 25 10 20 6 16 18 14 3 8 7 5 23 
 15 7 5 23 13 19 24 9 12 2 17 1 4 11 21 15 0 22 25 10 20 6 16 18 14 3 8 7 5 23 13 
 24 5 23 13 19 24 9 12 2 17 1 4 11 21 15 0 22 25 10 20 6 16 18 14 3 8 7 5 23 13 19 
 11 23 13 19 24 9 12 2 17 1 4 11 21 15 0 22 25 10 20 6 16 18 14 3 8 7 5 23 13 19 24 
 25 13 19 24 9 12 2 17 1 4 11 21 15 0 22 25 10 20 6 16 18 14 3 8 7 5 23 13 19 24 9 
 0 19 24 9 12 2 17 1 4 11 21 15 0 22 25 10 20 6 16 18 14 3 8 7 5 23 13 19 24 9 12 
 9 24 9 12 2 17 1 4 11 21 15 0 22 25 10 20 6 16 18 14 3 8 7 5 23 13 19 24 9 12 2 
 12 9 12 2 17 1 4 11 21 15 0 22 25 10 20 6 16 18 14 3 8 7 5 23 13 19 24 9 12 2 17 
 2 12 2 17 1 4 11 21 15 0 22 25 10 20 6 16 18 14 3 8 7 5 23 13 19 24 9 12 2 17 1 
 17 2 17 1 4 11 21 15 0 22 25 10 20 6 16 18 14 3 8 7 5 23 13 19 24 9 12 2 17 1 4 
 21 17 1 4 11 21 15 0 22 25 10 20 6 16 18 14 3 8 7 5 23 13 19 24 9 12 2 17 1 4 11 
 1 1 4 11 21 15 0 22 25 10 20 6 16 18 14 3 8 7 5 23 13 19 24 9 12 2 17 1 4 11 21 
 10 20 6 16 18 14 3 8 7 5 4 23 13 19 22 15 24 11 25 0 9 12 2 17 21 1 10 20 6 16 
 33 
 23 18 15 0 
 2 23 11 23 5 23 17 8 0 6 23 24 13 7 0 0 4 20 24 0 1 19 19 25 24 12 5 15 9 9 20 
 12 4 10 2 9 14 2 9 6 8 15 21 21 4 15 10 19 15 8 2 3 18 16 4 13 5 20 18 5 22 25 
 1 12 12 9 21 7 25 15 1 6 3 3 21 11 10 14 22 3 18 5 15 17 16 2 16 2 8 15 14 15 24 
 
 34 18 5 22 25 1 12 12 
 
 
 1 4 11 21 15 0 22 25 10 20 6 16 18 14 3 8 7 5 23 13 19 24 9 12 2 17 
 14 3 8 7 5 23 13 19 24 9 12 2 17 1 4 11 21 15 0 22 25 10 20 6 16 18 
 10 20 6 16 18 14 3 8 7 5 23 13 19 24 9 12 2 17 1 4 11 21 15 0 22 25 
 19 24 9 12 2 17 1 4 11 21 15 0 22 25 10 20 6 16 18 14 3 8 7 5 23 13 
 0 22 25 10 20 6 16 18 14 3 8 7 5 23 13 19 24 9 12 2 17 1 4 11 21 15 
 10 20 6 16 18 14 3 8 7 5 23 13 19 24 9 12 2 17 1 4 11 21 15 0 22 25 
 25 10 20 6 16 18 14 3 8 7 5 23 13 19 24 9 12 2 17 1 4 11 21 15 0 22 
 21 15 0 22 25 10 20 6 16 18 14 3 8 7 5 23 13 19 24 9 12 2 17 1 4 11 
 35 63 64 65 66 67 68 69 
 18 5 22 25 1 12 12 
 14 10 19 0 10 25 21 
 17 20 18 11 23 7 19 
 
## xl/worksheets/sheet2.xml
 
 
## xl/worksheets/sheet3.xml
 
 