## xl/sharedStrings.xml
 
 A B C D E F G H I J K S O T P Y R Z X W V U Q M L N Ignore the top row provided by Excel. Keyword alphabet is to the right, plaintext alphabet is on the top and bottom. The tableau is ciphertext. _ In the below tables, ciphertext is at the top and possible plaintext is arranged accordingly. E is only listed once for simplicity. 
## xl/worksheets/sheet1.xml
 
 
 26 
 
 17 15 18 19 20 21 13 11 16 22 14 12 25 23 24 10 9 8 7 6 5 4 3 2 1 0 
 10 16 15 14 13 12 11 0 1 2 3 4 5 6 7 8 9 24 23 25 22 21 20 19 18 17 17 
 16 15 14 13 12 11 0 1 2 3 4 5 6 7 8 9 24 23 25 22 21 20 19 18 17 10 15 
 15 14 13 12 11 0 1 2 3 4 5 6 7 8 9 24 23 25 22 21 20 19 18 17 10 16 18 
 14 13 12 11 0 1 2 3 4 5 6 7 8 9 24 23 25 22 21 20 19 18 17 10 16 15 19 
 13 12 11 0 1 2 3 4 5 6 7 8 9 24 23 25 22 21 20 19 18 17 10 16 15 14 20 
 12 11 0 1 2 3 4 5 6 7 8 9 24 23 25 22 21 20 19 18 17 10 16 15 14 13 21 
 11 0 1 2 3 4 5 6 7 8 9 24 23 25 22 21 20 19 18 17 10 16 15 14 13 12 13 
 0 1 2 3 4 5 6 7 8 9 24 23 25 22 21 20 19 18 17 10 16 15 14 13 12 11 11 
 1 2 3 4 5 6 7 8 9 24 23 25 22 21 20 19 18 17 10 16 15 14 13 12 11 0 16 
 2 3 4 5 6 7 8 9 24 23 25 22 21 20 19 18 17 10 16 15 14 13 12 11 0 1 22 
 3 4 5 6 7 8 9 24 23 25 22 21 20 19 18 17 10 16 15 14 13 12 11 0 1 2 14 
 4 5 6 7 8 9 24 23 25 22 21 20 19 18 17 10 16 15 14 13 12 11 0 1 2 3 12 
 5 6 7 8 9 24 23 25 22 21 20 19 18 17 10 16 15 14 13 12 11 0 1 2 3 4 25 
 6 7 8 9 24 23 25 22 21 20 19 18 17 10 16 15 14 13 12 11 0 1 2 3 4 5 23 
 7 8 9 24 23 25 22 21 20 19 18 17 10 16 15 14 13 12 11 0 1 2 3 4 5 6 24 
 8 9 24 23 25 22 21 20 19 18 17 10 16 15 14 13 12 11 0 1 2 3 4 5 6 7 10 
 9 24 23 25 22 21 20 19 18 17 10 16 15 14 13 12 11 0 1 2 3 4 5 6 7 8 9 
 24 23 25 22 21 20 19 18 17 10 16 15 14 13 12 11 0 1 2 3 4 5 6 7 8 9 8 
 23 25 22 21 20 19 18 17 10 16 15 14 13 12 11 0 1 2 3 4 5 6 7 8 9 24 7 
 25 22 21 20 19 18 17 10 16 15 14 13 12 11 0 1 2 3 4 5 6 7 8 9 24 23 6 
 22 21 20 19 18 17 10 16 15 14 13 12 11 0 1 2 3 4 5 6 7 8 9 24 23 25 5 
 21 20 19 18 17 10 16 15 14 13 12 11 0 1 2 3 4 5 6 7 8 9 24 23 25 22 4 
 20 19 18 17 10 16 15 14 13 12 11 0 1 2 3 4 5 6 7 8 9 24 23 25 22 21 3 
 19 18 17 10 16 15 14 13 12 11 0 1 2 3 4 5 6 7 8 9 24 23 25 22 21 20 2 
 18 17 10 16 15 14 13 12 11 0 1 2 3 4 5 6 7 8 9 24 23 25 22 21 20 19 1 
 17 10 16 15 14 13 12 11 0 1 2 3 4 5 6 7 8 9 24 23 25 22 21 20 19 18 0 
 17 15 18 19 20 21 13 11 16 22 14 12 25 23 24 10 9 8 7 6 5 4 3 2 1 0 
 
 
 17 15 18 19 20 21 13 11 16 22 14 12 25 23 24 10 9 8 7 6 5 4 3 2 1 0 
 23 25 22 21 20 19 18 17 10 16 15 14 13 12 11 0 1 2 3 4 5 6 7 8 9 24 7 
 21 20 19 18 17 10 16 15 14 13 12 11 0 1 2 3 4 5 6 7 8 9 24 23 25 22 4 
 11 0 1 2 3 4 5 6 7 8 9 24 23 25 22 21 20 19 18 17 10 16 15 14 13 12 13 
 21 20 19 18 17 10 16 15 14 13 12 11 0 1 2 3 4 5 6 7 8 9 24 23 25 22 4 
 1 2 3 4 5 6 7 8 9 24 23 25 22 21 20 19 18 17 10 16 15 14 13 12 11 0 16 
 4 5 6 7 8 9 24 23 25 22 21 20 19 18 17 10 16 15 14 13 12 11 0 1 2 3 12 
 0 1 2 3 4 5 6 7 8 9 24 23 25 22 21 20 19 18 17 10 16 15 14 13 12 11 11 
 21 20 19 18 17 10 16 15 14 13 12 11 0 1 2 3 4 5 6 7 8 9 24 23 25 22 4 
 6 7 8 9 24 23 25 22 21 20 19 18 17 10 16 15 14 13 12 11 0 1 2 3 4 5 23 
 16 15 14 13 12 11 0 1 2 3 4 5 6 7 8 9 24 23 25 22 21 20 19 18 17 10 15 
 17 15 18 19 20 21 13 11 16 22 14 12 25 23 24 10 9 8 7 6 5 4 3 2 1 0 
 
 28 
 
 12 1 10 16 21 12 18 12 6 7 21 24 1 
 7 23 9 16 22 19 23 13 23 4 3 19 0 9 
 4 14 23 21 13 17 14 19 14 7 6 17 3 23 
 13 0 18 5 4 10 0 7 0 11 16 10 12 18 
 16 2 17 7 6 23 2 9 2 21 13 23 22 17 
 12 5 2 10 9 14 5 23 5 18 19 14 13 2 
 11 1 15 6 5 24 1 8 1 13 11 24 14 15 
 23 7 4 23 24 16 7 12 7 17 15 16 20 4 
 15 20 11 0 17 5 20 2 20 25 23 5 9 11 
 11 12 24 8 5 1 1 19 5 24 16 20 22 22 14 16 25 6 10 11 
 7 24 23 0 2 5 9 9 21 5 0 22 20 18 18 12 22 15 4 16 24 
 4 12 14 3 5 8 23 23 18 8 3 13 15 0 0 16 13 1 7 21 12 
 13 17 0 12 22 13 18 18 8 13 12 4 9 24 24 2 4 23 11 5 17 
 16 1 2 22 11 20 17 17 10 20 22 6 24 25 25 4 6 12 21 7 1 
 12 4 5 13 20 15 2 2 25 15 13 9 12 22 22 7 9 16 18 10 4 
 11 0 1 14 16 21 15 15 9 21 14 5 10 23 23 3 5 25 13 6 0 
 23 6 7 20 18 0 4 4 14 0 20 24 22 11 11 9 24 13 17 23 6 
 15 21 20 9 24 12 11 11 3 12 9 17 4 6 6 18 17 7 25 0 21 
 11 12 13 19 13 22 11 9 22 11 11 4 10 17 17 19 0 13 9 10 
 7 24 23 25 21 25 18 24 1 18 24 24 6 16 11 11 21 10 25 1 16 
 4 12 14 22 18 22 0 12 4 0 12 12 9 21 20 20 18 25 22 4 21 
 13 17 0 1 8 1 24 17 14 24 17 17 21 5 6 6 8 15 1 14 5 
 16 1 2 3 10 3 25 1 16 25 1 1 19 7 8 8 10 0 3 16 7 
 12 4 5 6 25 6 22 4 21 22 4 4 17 10 24 24 25 3 6 21 10 
 11 0 1 2 9 2 23 0 22 23 0 0 20 6 7 7 9 17 2 22 6 
 23 6 7 8 14 8 11 6 19 11 6 6 1 23 25 25 14 5 8 19 23 
 15 21 20 19 3 19 6 21 10 6 21 21 14 0 1 1 3 13 19 10 0 
 24 21 3 8 0 19 8 25 5 1 25 15 14 20 13 13 23 17 5 14 
 7 0 19 7 2 10 21 2 15 5 9 15 14 12 20 25 25 17 11 5 12 
 4 3 17 10 5 25 18 5 1 8 23 1 11 16 15 22 22 2 20 8 16 
 13 12 10 20 22 15 8 22 23 13 18 23 3 2 9 1 1 25 6 13 2 
 16 22 23 18 11 0 10 11 12 20 17 12 5 4 24 3 3 14 8 20 4 
 12 13 14 0 20 3 25 20 16 15 2 16 8 7 12 6 6 11 24 15 7 
 11 14 24 19 16 17 9 16 25 21 15 25 4 3 10 2 2 12 7 21 3 
 23 20 16 2 18 5 14 18 13 0 4 13 21 9 22 8 8 21 25 0 9 
 15 9 5 22 24 13 3 24 7 12 11 7 15 18 4 19 19 8 1 12 18 
 10 19 6 3 10 17 18 13 9 2 3 8 6 10 21 7 21 0 21 4 
 7 16 21 4 7 16 11 13 25 1 8 7 2 4 16 19 3 19 10 19 6 
 4 21 18 7 10 21 20 19 22 4 24 10 5 7 21 17 6 17 25 17 9 
 13 5 8 11 20 5 6 7 1 14 19 20 22 11 5 10 16 10 15 10 21 
 16 7 10 21 18 7 8 9 3 16 15 18 11 21 7 23 13 23 0 23 19 
 12 10 27 27 27 27 27 27 27 27 27 0 20 18 10 14 19 14 3 14 17 
 11 6 9 13 19 6 7 8 2 22 18 19 16 13 6 24 11 24 17 24 20 
 23 23 14 17 2 23 25 12 8 19 3 2 18 17 23 16 15 16 5 16 1 
 15 0 3 25 22 0 1 2 19 10 16 22 24 25 0 5 23 5 13 5 14 
 10 2 0 16 
 7 16 8 10 22 
 4 21 24 25 13 
 13 5 19 15 4 
 16 7 15 0 6 
 12 10 1 3 9 
 11 6 18 17 5 
 23 23 3 5 24 
 15 0 16 13 17 
 
## xl/worksheets/sheet2.xml
 
 
## xl/worksheets/sheet3.xml
 
 