## xl/sharedStrings.xml
  ORGINAL K4 O B K R U X G H L S Original Matrix I F W V Q P N T J E Z A D Y M C RE-STACKED & REVERSED K4 FINDING "KRYPTOS". POSSIBLY SEE "KRYPTOS" WITH ENOUGH MOVES (1) DROP EVERY OTHER COLUMN 1 SPACE (START W/2ND) (1) SHIFT BOTH K ROWS TO THE LEFT ONE SPACE. SHIFT EVERY OTHER ROW DOWN THE SAME DISTANCE TO CREATE A TOP AND BOTTOM MATRIX. DON'T COMPRESS!! Position K4 KEY DROP EVERY 4TH COLUMN (STARTING W/2ND) BY 2 SPACES. : (mod-26) SHIFT ROW (STARTING W/K,S) 2 SPACES TO THE RIGHT. 25 or 26 baby 'e' in Morse code FINDING "KRYPTOS". [virtually invisible = HIDDEN = KRYPTOS] 80 or 81 Capital Letters "T" IS YOUR POSITION. 2 missing letters (supposed to be O & N) SHIFT BOTTOM MATRIX TO THE LEFT 1 SPACE. Key is 9 characters long with a repeat. Therefore, actually, 8. (E is counted once.) 97/8= 12r1 96/8= 12 Therefore, an 8x12 matrix "A" OR--> "B" Trying "A", First!! SET UP AS FOLLOWS: OR ALL GREEN COLUMNS CAN MOVE VERTICALLY. ALL OTHER COLUMNS ARE STATIONARY. YELLOW ROW CAN MOVE LEFT & RIGHT. e's on Morse code message. ALL COLUMNS AND ROWS ARE TO MOVE TOGETHER --> **USING THESE ROWS/COLUMNS MAINTAINS "T" AS OUR position. **IN AVIATION, "T" INDICATES A DIRECTION OF TRAVEL. TAKING OFF & LANDING ALONG THE POST, IN THE DIRECTION OF THE CROSS-BAR OF THE "T". "e" pattern!! FROM THE CLUES FOUND IN THE SOLUTION TO THE MORSE CODE "K0" SECTION: SOLVING FOR "SOS" & "RQ" - NO ORDER GIVEN!! *THE FOLLOWING STEPS SUMMARIZE MY MOVES. TO BE HONEST, I WASN'T SURE OF THE MEANING OF "SOS" OTHER THAN AS A START OF MESSAGE, SO THE "SOS" I AM LOOKING FOR IS NOTHING MORE THAN A GUESS. **THAT SAID, THE FOLLOWING RESULTS IN AN INTERESTING FORMAT, LENDING ITSELF TO THE ELIMINATION OF A LETTER. AND, THE 96 VS 97 LETTER QUESTION APPEARS.TO BE ANSWERED. IN ADDITION, THE "RQ" IS FOUND. AND THE ESTABLISENT OF "ETRANSEWJ" FROM THE SOLUTION TO THE "Pre-K" SECTION. (1) RAISE ALL GREEN COLUMNS 2 SPACES (2) MOVE ALL YELLOW ROWS LEFT ONE SPACE. Myszkowski Transposition: Unique are read down, doubles are read left to right | || ||| IV HAVING PICKED UP THE "S" TO FORM "SO", ALL YELLOW ROWS ARE MOVED TO THE RIGHT 10 SPACES TO PICK UP THE "SOS" FROM THE GREEN VERTICAL. "etransewj" --> LOWER ALL OF THE GREEN COLUMNS 1 SPACE TO CREATE THE "SOS". NOW, MOVE YELLOW ROWS LEFT 10 SPACES TO LOCK THE "SOS". RAISE GREEN ROWS 1 SPACE -> <- original made space at colon?? *ALSO USING 9X11 MATRIX, NOT 10X WHATEVER!! ETRANSEWJ "T" is your position!! Removing spaces! g l o r y f w n c u i s m v a q z e k p t x h b j d ??Route Cipher?? **NOW, ROTATING AROUND THE "T" IN "KRYPTOS" *THE REASON, I BELIEVE, FOR ROTATING THE "SOS" COMES.FROM THE 2014 CLUES REGARDING THE IMPORTANCE OF NOVEMBER!! ORDINARILY, THE LAST TRANSPOSITION OF THIS MATRIX WOULD BE A ROW-WISE SHUFFLE (THINK "Z"). HOWEVER, I BELIEVE WE ARE SUPPOSED TO USE A COLUMNAR TRANSPOSITION AS THE LAST TRANSPOSITION OF THIS MATRIX. HENCE, THE "N" REFERENCES. I BELIEVE THE "SOS" GIVES US A STARTING REFERENCE FOR A COLMUMNAR TRANSPOSITION OF THIS MATRIX!! "RQ" SIMPLY LATCHES THE KEY INTO PLACE. AS A SIDE NOTE, THIS IS NOT "THE KEY" TO SOLVING K4. HOWEVER, I FIGURED THAT OUT, TOO!! I DID MAKE A MISTAKE IN THE TRANSPOSITION PROCESS TO GET TO THIS POINT. PRIOR TO REALIZING THE IMPORTANCE OF NOVEMBER, I ESTABLISHED "ETRANSEWJ" IN THE WRONG DIRECTION! THEREFORE, THE MATRIX NEEDS TO BE STARTED OVER, TO ESTABLISH TRUE POSITION. THE LETTERS BECOME TOO CONVOLUTED IF A SHORTCUT IS TRIED. AT THIS POINT, I HAD INCORRECTLY THOUGHT THE K4 SOLUTION REQUIRED A FREQUENTLY ANALYSIS, BASED UPON THE PROLIFIC USE OF LOWER CASE "e" IN THE MORSE CODE SOLUTION. AFTER SEVERAL ATTEMPTS, I REALIZED THAT THERE HAD TO BE A MORE STRAIGHT FORWARD APPROACH, WHICH TOOK THE GUESS WORK OUT OF FINDING THE SOLUTION. UPON RESEARCHING ED SCHEIDT ON GOOGLE, IT DESCRIBED HIS PREFERENCE FOR THE "ONE TIME PAD". I RESEARCHED "OTP" AND REALIZED I EITHER NEEDED A SHORT REPETITIVE KEY, OR A VERY LONG KEY (AT LEAST 97 CHARACTERS)! SO, I WENT BACK TO THE CLUE FROM 2014. AFTER READING ALL OF THE INFORMATION, SOMETHING STRUCK ME AS PECULIAR!! SANBORN MAKES A REFERENCE TO NOT PURPOSEFULLY RELEASING CLUES TO THE SOLUTION OF K4. BUT, IT WAS THE WAY IT WAS PRESENTED, WHICH I FOUND MOST ODD. AND, WHEN I LOOKED AT THE MESSAGE, I THOUGHT IT LOOKED TO BE ABOUT THE LENGTH I NEEDED. I COULD NOT BELIEVE THAT THROUGH ALL PF THESE YEARS, THE KEY WAS HIDING IN PLAIN SIGHT!! HERE IS THE MASTER CLUE TO SOLVING K4, FOR THE ONE TIME PAD: Down and to the Right!! **NOW, AT THIS POINT, I KNEW I COULD GO BACK AND DETERMINE THE PROPER CIPHER TEXT, WHICH WOULD ALLOW ME TO TEST MY HYPOTHESIS. BASED UPON THIS KEY STRING, AND THE 2014 CLUES, I WAS ABLE TO DEDUCE THE PROPER LETTERS TO OBTAIN "berlin clock" IN SPACES 64 TO 74. Cipher Text K4 Key String Calculation Resultant Plain Text!! **AT THIS POINT, FINDING.THE CORRECT TRANSPOSITIONING IS ACADEMIC, AND COULD PROBABLY BE SOLVED QUICKLY BY COMPUTER!! A MUCH MORE SYSTEMATIC APPROACH TO THE TRANSPOSITIONING!! Establish proper supply routes **Top of matrix supplies "berlin clock" *Bottom of matrix supplies "ETRANSEWJ" Still require SOS to pivot with key and latch **Top supplies the BERLIN CLOCK **Bottom supplies the Top Supplied Bottom Supplied 4 S's -> 2 needed for strings and, 2 needed for SOS 2 H's -> 1 is stationary 3 J's needed For "berlin clock" bring the string down the column TO the J's (BUT, backwards!!) Remember that we want 22 spaces behind it, to position accordingly (choose correct column!)! On a hunch!! Add up the "e's" in the Morse code: = **Don't forget to be moving both supply routes at the same time, as openings happen!! Therefore, will assume 26 for (mod 26) to be a hint towards method to be used. 3,3,2,1,1 (And, confirmed by positional placement experiment of "berlin clock" for the plain text!! - Laid out to find Cipher text of BERLIN CLOCK to look for positional relationships!! **Make sure to have everything in place prior to moving the illegal row containing the final "E"!! *NOW LAY BACK DOWN TO SEE ORIGINAL RELATIONSHIPS 1. Raise "Q" into position prior to moving "G" into position 2. Leave 2 spaces frew, between the "H" & "G" for the "J" & "P". 3. Lower the "P" down the column (off of the traveling row)! *Just noticed ? "SOS"!! After the final "E" <-- is pushed into place, post rotation, the "S" will slide in each direction to capture the "O" forming "SOS"!!!! PRE-ROTATION/PRE-LATCHED "Q" supplier right here for "RQ"!! POST ROTATION/POST LATCHED not **Either one of these verticals could be the starting point for **At this point, wait to count the number of letters REQUIRED for proper positioning!! the final columnar transposition sequence. I feel that "SOS" offers the best opportunity to move letters, as it lies at an important 'highway' intersection supply route!! **BOTH STRINGS ARE POSITIONED PROPERLY TO RECEIVE "berlin clock" on the closer column!! Ensure the "OBB" column is open at the "S" supply bars to latch the "O"!! ** It was at about this point, that I realized, that I had a developing problem! I had too many letters on both sides of the matrix, which would position "berlin clock" in the wrong position, and because of the nature of the OTP, would make it unreadable. In fact, unless all letters are positioned correctly, they will be unreadable. Therefore, this is where some computer power would really help! If you see below, you will notice that this is the point, I begin to go off the rails. And, even if I were close, it would be difficult, to verify all of the (mod-6) calculations on my cellphone. :-( Since there is still a lot of letters on both sides of the matrix, which will be considered.on the WRONG side of "berlin clock" I'm using every opportunity to draw letters from the other end of the matrix The special "B" may need to be swapped with the "S", should there be interference upon rotation. Since there was a free row, where all the spare letters were going to, it really makes no difference to the puzzle!! These positions to serve as guides, only. Actual positions could differ. By creating a new matrix with 6 columns, I can align several letters in order (not next to each other). *** ***TRY DOING THIS WITH THE NON-REVERSED MATRIX, TO SEE WHERE LETTERS LINE UP!!! Twice per SOS & RQ --> repeat last transmission from Morse Code. Located in same section, so perform first!! Located in other section, so second and final!! <OR> . ETRANSEWJ THEN #'S TRANSPOSITION 1-15=-14=25-14=11=L 6-11= -5=25-5=20=U 10-4=6=G 15-0=15=P 22-18=4=E 12-4=8=i 25-13=12=M 16-14=2=C 4-19=-15=10=K 15-1=14=O 11-6=5=F 4-10=-6=25-6=19=T 0-15=-15=10=K 18-22=-4=21=V 4-12=-8=17=R Possible Substitutions: Misspellings are substitional clues for that particular section: For example: in Pre-K, where ETRANSEWJ is given: U for O; H for I; & a missing H In the Morse Code: E for I; & a missing O & N we can try to substitute like letters each way & add missing letters as null letters!! SOS RQ = Start message and request a repeat of whole message. Therefore, performing phone number transposition a second time, prior to ETRANSEWJ Morse Code: Transposition #1 Transposition #2 RULES: First, try replacing I's with E's, then add nulls prior to Transform: Trying this. may need to back up before trying ETRANSEWJ Now, perform 2nd Transformation per SOS RQ = start msg over Request New Rules: ETRANSEWJ Possible alternative key: Can copy starting HERE!! Pre-K is ETRANSEWJ. This comes before the K0 (Morse Code). No rules used yet. Move to Morse Code: Trying something. because there seems to be a substition on the Pre-K, then the K0, what if I am supposed to do the whole OTP thing to Pre-K, using the phone number transformation onto the revised OTP message. Intermediate step. Transforming new set of Cipher Text via OTP #1. Then, will transform that New Cipher Text via 1 or 2 Phone Number Transformations then reuse OTP. NEW CIPHER TEXT!! Apply Phone Number Transformations to this!! Try this version, FIRST!! 
## xl/worksheets/sheet1.xml
  0 
 1 2 3 4 
 5 1 6 1 7 8 5 9 2 10 1 9 12 13 2 2 14 13 9 4 15 16 16 17 4 18 7 3 10 10 1 
 19 14 19 16 10 20 16 10 10 21 3 22 22 14 23 19 20 3 9 5 24 12 23 14 12 18 13 2 18 25 17 
 15 19 19 26 22 13 17 3 14 7 24 3 22 6 19 20 27 24 12 7 3 5 8 5 23 5 21 3 27 23 4 
 28 
 1 2 3 4 5 1 6 1 7 8 5 9 2 10 1 9 12 13 2 2 14 13 9 4 15 16 16 17 4 18 7 
 3 10 10 1 19 14 19 16 10 20 16 10 10 21 3 22 22 14 23 19 20 3 9 5 24 12 23 14 12 18 13 
 2 18 25 17 15 19 19 26 22 13 17 3 14 7 24 3 22 6 19 20 27 24 12 7 3 5 8 5 23 5 21 
 3 27 23 4 
 29 
 30 
 31 
 1 3 5 6 7 5 2 1 12 2 14 9 15 16 4 7 
 3 2 10 4 19 1 19 1 10 8 16 9 10 10 3 9 22 13 23 2 20 13 9 4 24 16 23 17 12 18 13 
 2 10 25 1 15 14 19 16 22 20 17 10 14 21 24 22 22 14 19 19 27 3 12 5 3 12 8 14 23 18 21 
 3 18 23 17 19 26 13 3 7 3 6 20 24 7 5 5 5 
 27 4 
 29 
 32 
 1 3 5 6 7 5 2 1 12 2 14 9 15 16 4 7 
 3 2 10 4 19 1 19 1 10 8 16 9 10 10 3 9 22 13 23 2 20 13 9 4 24 16 23 17 12 18 13 
 2 10 25 1 15 14 19 16 22 20 17 10 14 21 24 22 22 14 19 19 27 3 12 5 3 12 8 14 23 18 21 
 3 18 23 17 19 26 13 3 7 3 6 20 24 7 5 5 5 
 27 4 
 29 
 33 
 34 
 1 3 5 6 7 5 2 1 12 2 14 9 15 16 4 7 
 2 4 1 1 8 9 10 9 13 2 13 4 16 17 18 
 2 25 15 19 22 17 14 24 22 19 27 12 3 8 23 21 
 18 17 19 26 13 3 7 3 6 20 24 7 5 5 5 
 3 10 19 19 
 10 1 14 10 16 10 3 22 23 20 9 24 23 12 13 
 3 23 16 20 10 21 22 14 19 3 5 12 14 18 
 27 4 
 29 
 37 
 1 3 5 6 7 5 2 1 12 2 14 9 15 16 4 7 
 2 4 1 1 8 9 10 9 13 2 13 4 16 17 18 
 2 25 15 19 22 17 14 24 22 19 27 12 3 8 23 21 
 18 17 19 26 13 3 7 3 6 20 24 7 5 5 5 
 3 19 
 1 10 10 22 20 24 12 
 3 10 19 16 10 22 19 5 14 
 10 4 14 16 3 23 9 23 13 
 23 20 21 14 3 12 18 
 27 
 29 
 40 
 1 3 5 6 7 5 2 1 12 2 14 9 15 16 4 7 
 2 4 1 1 8 9 10 9 13 2 13 4 16 17 18 
 2 25 15 19 22 17 14 24 22 19 27 12 3 8 23 21 
 18 17 19 26 13 3 7 3 6 20 24 7 5 5 5 
 3 19 
 1 10 10 22 20 24 12 
 3 10 19 16 10 22 19 5 14 
 10 4 14 16 3 23 9 23 13 
 23 20 21 14 3 12 18 
 27 
 42 
 44 
 46 
 1 3 5 6 7 5 2 1 12 2 14 9 15 16 4 7 
 2 4 1 1 8 9 10 9 13 2 13 4 16 17 18 
 2 25 15 19 22 17 14 24 22 19 27 12 3 8 23 21 
 18 17 19 26 13 3 7 3 6 20 24 7 5 5 5 
 3 19 
 1 10 10 22 20 24 12 
 3 10 19 16 10 22 19 5 14 
 10 4 14 16 3 23 9 23 13 
 23 20 21 14 3 12 18 
 27 
 1 3 5 6 7 5 2 1 12 2 14 9 15 16 4 7 
 2 4 1 1 8 9 10 9 13 2 13 4 16 17 18 
 2 25 15 19 22 17 14 24 22 19 27 12 3 8 23 21 
 18 17 19 26 13 3 7 3 6 20 24 7 5 5 5 
 3 19 
 1 10 10 22 20 24 12 
 3 10 19 16 10 22 19 5 14 
 10 4 14 16 3 23 9 23 13 
 23 20 21 14 3 12 18 
 27 
 54 
 56 
 57 
 58 
 60 
 62 
 63 
 1 3 5 6 7 5 2 1 12 2 14 9 15 16 4 7 
 2 4 1 1 8 9 10 9 13 2 13 4 16 17 18 
 2 25 15 19 22 17 14 24 22 19 27 12 3 8 23 21 
 18 17 19 26 13 3 7 3 6 20 24 7 5 5 5 
 3 19 
 1 10 10 22 20 24 12 
 3 10 19 16 10 22 19 5 14 
 10 4 14 16 3 23 9 23 13 
 23 20 21 14 3 12 18 
 27 
 1 3 5 6 7 5 2 1 12 2 14 9 15 16 4 7 
 2 4 1 1 8 9 10 9 13 2 13 4 16 17 18 
 2 25 15 19 22 17 14 24 22 19 27 12 3 8 23 21 
 18 17 19 26 13 3 7 3 6 20 24 7 5 5 5 
 3 19 
 1 10 10 22 20 24 12 
 3 10 19 16 10 22 19 5 14 
 10 4 14 16 3 23 9 23 13 
 23 20 21 14 3 12 18 
 27 
 65 
 66 
 67 
 68 
 69 
 70 
 71 
 72 
 73 
 1 5 7 2 12 14 15 4 
 2 1 8 10 13 13 16 18 
 2 3 15 6 22 5 14 1 22 2 27 9 3 16 23 7 
 18 4 19 1 13 9 7 9 6 2 24 4 5 17 5 
 25 19 17 24 19 12 8 21 
 17 26 3 3 20 7 5 
 3 3 19 16 10 22 19 5 14 
 10 1 14 10 16 10 3 22 23 20 9 24 23 12 13 
 23 10 19 20 21 14 3 12 18 
 27 4 
 80 
 81 
 82 
 1 5 7 2 12 14 15 4 
 2 1 8 10 13 13 16 18 
 2 3 15 6 22 5 14 1 22 2 27 9 3 16 23 7 
 18 4 19 1 13 9 7 9 6 2 24 4 5 17 5 
 25 19 17 24 19 12 8 21 
 17 26 3 3 20 7 5 
 3 3 19 16 10 22 19 5 14 
 10 1 14 10 16 10 3 22 23 20 9 24 23 12 
 23 10 19 20 21 14 3 12 18 
 27 4 
 84 
 85 
 1 5 7 2 12 14 15 4 
 2 3 1 6 8 5 10 1 13 2 13 9 16 16 18 7 
 2 15 22 18 4 14 19 1 22 13 9 27 7 9 3 6 2 23 24 4 5 17 5 
 25 19 17 24 19 12 8 21 
 17 26 3 3 20 7 5 
 3 19 
 3 16 10 1 10 14 10 22 16 10 19 3 22 5 23 20 14 9 24 23 12 
 10 19 
 23 20 27 4 21 14 3 12 18 
 86 
 87 
 1 5 7 2 12 14 15 4 
 2 3 1 6 8 5 10 1 13 2 13 9 16 16 18 7 
 18 4 14 19 1 22 13 9 27 7 9 3 6 2 23 24 4 5 17 5 
 25 19 17 24 19 12 8 21 
 17 26 3 3 20 7 5 
 3 19 
 3 16 10 1 10 14 10 22 16 10 19 3 22 5 23 20 14 9 24 23 12 
 10 19 
 27 4 21 14 3 12 18 
 88 
 1 5 7 2 12 14 15 4 
 2 1 8 10 13 13 16 18 
 18 3 6 5 1 2 9 16 7 
 4 14 19 1 22 13 9 27 7 9 3 6 2 23 24 4 5 17 5 
 25 19 17 24 19 12 8 21 
 17 26 3 3 20 7 5 
 3 19 14 16 3 23 9 
 3 16 10 1 10 10 10 19 22 5 20 14 24 23 12 
 4 10 19 
 27 21 14 3 12 18 
 1 5 7 2 12 14 15 
 2 1 8 10 13 13 16 
 18 3 6 5 1 2 9 16 7 
 4 14 19 1 22 13 9 27 7 9 3 6 2 23 24 4 5 17 
 25 19 17 24 19 12 8 21 
 17 26 3 3 20 7 5 
 3 19 14 16 3 23 
 3 16 10 1 10 10 10 19 22 5 4 14 24 23 12 
 4 10 19 18 
 27 21 14 3 12 18 
 5 
 9 
 20 
 1 5 7 2 12 14 15 
 2 1 8 10 13 13 16 
 18 3 6 5 1 2 9 16 7 
 4 14 19 1 22 13 9 27 7 9 3 6 2 23 24 4 5 17 
 25 19 17 24 19 12 8 21 
 17 26 3 3 20 7 5 
 3 19 14 16 3 23 
 3 16 10 1 10 10 10 19 22 5 4 14 24 23 12 
 4 10 19 18 
 27 21 14 3 12 18 
 5 
 9 
 20 
 1 5 7 2 12 14 15 
 2 1 8 10 13 13 16 
 18 3 6 5 1 2 9 16 7 
 4 14 19 1 22 13 9 27 7 9 3 6 2 23 24 4 5 17 
 25 19 17 24 19 12 8 21 
 17 26 3 3 20 7 5 
 3 19 14 16 3 23 
 3 16 10 1 10 10 10 19 22 5 14 24 23 12 
 4 10 19 4 
 27 21 14 3 12 18 18 
 5 
 9 
 20 
 1 5 7 2 12 14 15 
 2 1 8 10 13 13 16 
 18 3 6 5 1 2 9 16 7 
 4 14 19 1 22 13 9 27 7 9 3 6 2 23 24 4 5 17 
 25 19 17 24 19 12 8 21 
 17 26 3 3 20 7 5 
 3 19 14 16 3 23 
 3 16 10 1 10 10 10 19 22 5 14 24 23 12 
 4 10 19 4 
 27 21 14 3 12 18 18 
 5 
 9 
 20 
 1 5 7 2 12 14 15 
 2 1 8 10 13 13 16 
 18 3 6 5 1 2 9 16 7 
 4 14 19 1 22 13 9 27 7 9 3 6 2 23 24 4 5 17 
 25 19 17 24 19 12 8 21 
 17 26 3 3 20 7 5 19 
 3 19 14 16 3 23 4 
 3 16 10 1 10 10 10 18 22 5 14 24 23 12 
 4 10 19 
 27 21 14 3 12 18 5 
 9 
 20 
 1 5 7 2 12 14 15 
 2 1 8 10 13 13 16 
 18 3 6 5 1 2 9 16 7 
 4 14 19 1 22 13 9 27 7 9 3 6 2 23 24 4 5 17 
 25 19 17 24 19 12 8 21 
 17 26 3 3 20 7 5 19 
 3 19 14 16 3 23 4 
 3 16 10 1 10 10 10 18 22 5 14 24 23 12 
 4 10 19 
 27 21 14 3 12 18 5 
 9 
 20 
 1 5 7 2 12 14 15 
 2 1 8 10 13 13 16 
 18 3 6 5 1 2 9 16 7 
 4 14 19 1 22 13 9 27 7 9 3 6 2 23 24 4 5 17 
 25 19 17 24 19 12 8 21 
 17 26 3 3 20 7 5 
 3 19 14 16 3 23 19 
 3 16 10 1 10 10 10 18 22 5 14 24 4 12 
 4 10 19 23 
 27 21 14 3 12 18 
 5 
 9 
 20 
 1 5 7 2 12 14 15 
 2 1 8 10 13 13 16 
 18 3 6 5 1 2 9 16 7 
 4 14 19 1 22 13 9 27 7 9 3 6 2 23 24 4 5 17 19 
 25 19 17 24 19 12 8 4 21 
 17 26 3 3 20 7 5 23 
 3 19 14 16 3 23 18 
 3 16 10 1 10 10 10 18 22 5 14 24 5 12 
 4 10 19 
 27 21 14 3 12 
 9 
 20 
 1 5 7 2 12 14 15 
 2 1 8 10 13 13 16 
 18 3 6 5 1 2 9 16 7 
 4 14 19 1 22 13 9 27 7 9 3 6 2 23 24 4 5 17 
 25 19 17 24 19 12 8 19 21 
 17 26 3 3 20 7 5 4 
 3 19 14 16 3 23 23 
 3 16 10 1 10 10 18 18 22 5 14 24 5 12 
 4 10 19 10 
 27 21 14 3 12 
 9 
 20 
 93 
 1 5 7 2 14 15 
 2 1 8 10 13 16 19 
 18 3 6 5 1 2 9 16 4 7 
 4 14 19 1 22 13 9 27 7 9 3 12 2 23 24 4 5 17 23 
 25 19 17 24 13 19 12 8 18 21 
 17 26 3 3 20 7 5 10 
 3 19 14 6 3 23 21 
 3 16 10 1 10 10 18 22 5 14 24 5 12 
 4 10 19 9 
 16 27 20 14 3 12 
 93 
 5 7 2 14 15 
 1 1 8 10 13 16 
 2 3 6 5 1 2 9 16 7 
 18 4 14 19 1 22 13 9 27 7 9 3 12 2 23 24 4 5 17 
 25 19 17 24 13 19 12 8 21 
 17 26 3 3 20 7 5 19 
 3 19 14 6 3 23 4 
 16 10 1 10 10 18 22 5 23 24 5 12 
 3 10 19 18 
 4 16 27 20 14 3 12 10 
 21 
 14 
 9 
 93 
 5 7 2 14 15 
 1 1 8 10 13 16 
 2 3 6 5 1 2 9 16 7 
 18 4 14 19 1 22 13 9 27 7 9 3 12 2 23 24 4 5 17 
 25 19 17 24 13 19 12 8 
 17 26 3 3 20 7 5 
 3 19 14 6 3 23 
 16 10 1 10 10 18 22 5 24 5 12 
 3 10 19 
 4 16 27 20 14 3 12 
 21 
 19 
 4 
 23 
 18 
 10 
 21 
 14 
 9 
 93 
 5 7 2 14 15 
 1 1 8 10 13 16 
 2 3 6 5 1 2 9 16 7 
 18 4 14 19 1 22 13 9 27 7 9 3 12 2 23 24 4 5 17 
 25 19 17 24 13 19 12 8 
 17 26 3 3 20 7 5 
 3 19 14 6 3 23 
 16 10 1 10 10 18 22 5 24 5 12 
 3 10 19 
 4 16 27 20 14 3 12 
 21 
 19 
 4 
 23 
 18 
 10 
 21 
 14 
 9 
 93 
 5 7 2 14 15 
 1 1 8 10 13 16 21 
 2 3 6 5 1 2 9 16 19 7 
 18 4 14 19 1 22 13 9 27 7 9 3 12 2 23 24 4 5 17 4 
 25 19 17 24 13 19 12 8 23 
 17 26 3 3 20 7 5 18 
 3 19 14 6 3 23 10 
 16 10 1 10 10 18 22 5 24 5 12 21 
 3 10 19 14 
 4 16 27 20 14 3 9 12 
 93 
 7 2 14 15 
 1 8 10 13 16 21 
 2 3 6 5 1 2 9 16 19 7 
 18 4 14 1 22 13 9 27 7 9 3 12 2 23 24 4 5 17 4 
 25 5 19 17 24 13 19 12 8 23 
 17 1 3 3 20 7 5 18 
 3 19 14 6 3 23 10 
 16 10 1 10 19 18 22 5 24 5 12 21 
 3 10 19 14 
 26 4 16 27 20 14 3 9 12 
 10 
 93 
 7 2 14 15 
 1 8 10 13 16 
 2 3 6 5 1 2 9 16 7 
 18 4 14 1 22 13 9 27 7 9 3 12 2 23 24 4 5 17 
 25 5 19 17 24 13 19 12 8 
 17 1 3 3 20 7 5 
 3 19 14 6 3 23 
 16 10 1 10 19 18 22 5 24 5 12 
 3 10 19 
 26 4 16 27 14 3 9 12 
 21 
 10 19 
 4 
 23 
 18 
 10 
 21 
 14 
 20 
 93 
 7 2 14 15 
 1 8 10 13 16 21 
 2 3 6 5 1 2 9 16 19 7 
 18 4 14 1 22 13 9 27 7 9 3 12 2 23 24 4 5 17 4 
 25 5 19 17 24 13 19 12 8 23 
 17 1 3 3 20 7 5 18 
 3 19 14 6 3 23 10 
 16 10 1 10 19 18 22 5 24 5 12 21 
 3 10 19 14 
 26 4 16 27 14 3 9 12 20 
 10 
 93 
 7 
 8 
 2 14 15 
 1 13 10 13 16 21 
 2 3 6 5 1 2 9 16 19 7 
 18 4 14 1 22 1 9 27 7 9 3 12 2 23 24 4 5 17 4 
 25 5 19 17 24 13 19 12 8 23 
 17 3 3 20 7 5 18 
 3 19 14 6 3 23 10 
 16 10 1 10 19 18 22 5 24 5 12 21 
 3 10 19 14 
 26 4 16 27 14 3 9 12 20 
 10 
 93 
 7 
 8 
 2 14 15 
 1 13 10 13 16 21 
 2 3 6 5 1 2 9 16 19 7 
 18 4 14 1 22 1 9 27 7 9 3 12 2 23 24 4 5 17 4 
 25 5 19 17 24 13 19 12 8 23 
 17 3 3 20 7 5 18 
 3 19 14 6 3 23 10 
 16 10 1 10 19 18 22 5 24 5 12 21 
 3 10 19 14 
 26 4 16 27 14 3 9 12 20 
 10 
 93 
 7 
 8 
 2 14 15 
 1 13 10 13 16 21 
 2 3 6 5 1 2 9 16 19 7 
 18 4 14 1 22 1 9 27 7 9 3 12 2 23 24 4 5 17 4 
 25 5 19 17 24 13 19 12 8 23 
 17 3 3 20 7 5 18 
 3 19 14 6 3 23 10 
 16 10 1 10 19 18 22 5 24 5 12 21 
 3 10 19 14 
 26 4 16 27 14 3 9 12 20 
 
 10 
 
 
 
 
 
 
 
 
 93 
 123 
 124 
 125 
 126 
 127 
 128 
 129 
 130 
 131 
 132 
 133 
 
 
 7 
 8 
 2 14 15 
 1 13 10 13 16 21 
 2 6 5 1 2 9 16 19 7 
 18 14 1 22 1 9 27 7 9 3 12 2 23 24 4 5 17 4 
 5 19 17 24 13 19 12 8 23 
 10 3 3 20 7 5 18 
 3 4 25 17 19 1 10 14 6 3 23 10 
 16 10 19 18 22 5 24 5 12 21 
 3 19 14 
 26 4 16 27 14 3 9 12 20 
 
 10 
 134 
 135 
 136 
 137 
 138 
 139 
 140 
 141 
 142 
 143 
 35 1.0 2.0 3.0 4.0 5.0 6.0 7.0 8.0 9.0 10.0 11.0 12.0 13.0 14.0 15.0 16.0 17.0 18.0 19.0 20.0 21.0 22.0 23.0 24.0 25.0 26.0 27.0 28.0 29.0 30.0 31.0 32.0 33.0 34.0 35.0 36.0 37.0 38.0 39.0 40.0 41.0 42.0 43.0 44.0 45.0 46.0 47.0 48.0 49.0 50.0 51.0 52.0 53.0 54.0 55.0 56.0 57.0 58.0 59.0 60.0 61.0 62.0 63.0 64.0 65.0 66.0 67.0 68.0 69.0 70.0 71.0 72.0 73.0 74.0 75.0 76.0 77.0 78.0 79.0 80.0 81.0 82.0 83.0 84.0 85.0 86.0 87.0 88.0 89.0 90.0 91.0 92.0 93.0 94.0 95.0 96.0 97.0 
 36 17 9 21 23 10 21 18 1 19 21 38 19 8 23 19 20 12 26 10 23 18 2 1 4 18 14 12 9 9 18 1 19 12 18 19 21 18 19 12 1 18 23 9 9 25 4 21 15 21 23 9 27 9 5 21 10 1 4 23 10 1 9 5 19 12 1 18 19 1 19 8 21 4 21 26 23 12 18 12 18 7 5 18 10 1 9 15 21 24 3 4.0 10 21 27 19 12 1 18 
 39 15.0 11.0 4.0 0.0 18.0 4.0 13.0 14.0 19.0 4.0 19.0 7.0 0.0 19.0 9.0 8.0 12.0 18.0 0.0 13.0 1.0 14.0 17.0 13.0 22.0 8.0 11.0 11.0 13.0 14.0 19.0 8.0 13.0 19.0 4.0 13.0 19.0 8.0 14.0 13.0 0.0 11.0 11.0 25.0 17.0 4.0 21.0 4.0 0.0 11.0 2.0 11.0 20.0 4.0 18.0 14.0 17.0 0.0 18.0 14.0 11.0 20.0 19.0 8.0 14.0 13.0 19.0 14.0 19.0 7.0 4.0 17.0 4.0 12.0 0.0 8.0 13.0 8.0 13.0 6.0 20.0 13.0 18.0 14.0 11.0 21.0 4.0 3.0 10.0 4.0 18.0 4.0 2.0 19.0 8.0 14.0 13.0 
 145 
 146 
 
 
 35 64.0 65.0 66.0 67.0 68.0 69.0 70.0 71.0 72.0 73.0 74.0 
 147 20 10 13 13 14 8 20 17 7 7 14 
 39 9.0 18.0 5.0 5.0 22.0 7.0 9.0 15.0 6.0 6.0 22.0 
 148 12 1 18 19 1 19 8 21 4 21 26 
 39 8.0 14.0 13.0 19.0 14.0 19.0 7.0 4.0 17.0 4.0 12.0 
 149 1.0 4.0 17.0 11.0 8.0 13.0 2.0 11.0 14.0 2.0 10.0 
 150 119 113 99 97 106 103 104 97 98 104 114 
 151 
 152 
 153 
 20 10 13 13 14 8 20 17 7 7 14 14 20 21 19 4 23 18 10 21 14 20 
 7 14 
 7 21 
 17 10 
 20 18 
 8 23 
 14 4 
 13 19 
 13 21 
 10 
 20 
 1 3 5 6 7 5 2 1 12 2 14 9 15 16 4 7 
 2 4 1 1 8 9 10 9 13 2 13 4 16 17 18 
 2 25 15 19 22 17 14 24 22 19 27 12 3 8 23 21 
 18 17 19 26 13 3 7 3 6 20 24 7 5 5 5 
 3 19 
 1 10 10 22 20 24 12 
 3 10 19 16 10 22 19 5 14 
 10 4 14 16 3 23 9 23 13 
 23 20 21 14 3 12 18 
 27 
 66 
 154 
 155 
 156 
 157 
 158 1 5 7 12 14 15 4 
 159 2 1 8 13 13 16 18 
 160 2 3 15 6 22 5 1 22 2 27 9 3 16 23 7 
 18 4 19 1 13 9 2 9 6 2 24 4 5 17 5 
 25 19 17 10 24 19 12 8 21 
 17 26 3 14 3 20 7 5 
 3 3 19 16 7 22 19 5 14 
 161 10 1 14 10 16 10 22 23 20 9 24 23 12 13 
 162 23 10 19 20 14 3 12 18 
 93 27 4 10 
 3 
 21 
 163 164 
 20 10 13 13 14 8 20 17 7 7 14 14 20 21 19 4 23 18 10 21 14 20 
 7 14 
 7 21 
 165 17 10 
 166 20 18 
 8 23 
 167 14 4 
 13 19 
 168 13 21 
 10 
 20 
 169 
 170 
 1 5 7 2 15 4 
 2 1 8 10 12 14 16 18 
 2 3 15 6 22 5 14 1 13 2 13 9 3 16 23 7 
 18 4 19 1 13 9 7 9 22 2 27 4 5 17 5 
 25 19 17 24 6 19 24 12 8 21 
 17 26 3 3 20 7 5 
 3 3 19 16 10 5 14 
 10 1 14 10 16 10 3 22 22 20 19 24 23 12 13 
 23 10 19 20 21 23 9 12 18 
 27 4 14 3 
 1 5 7 12 15 4 
 2 1 8 13 16 18 
 2 3 15 6 22 5 1 22 2 9 3 16 23 7 
 18 4 19 1 10 13 13 14 2 9 6 2 24 4 5 17 5 
 25 19 17 14 24 19 9 12 8 21 
 17 26 3 7 3 20 27 7 5 
 3 3 19 16 22 5 14 
 10 1 14 10 16 10 22 23 20 24 23 12 13 
 23 10 19 20 10 14 12 18 
 27 4 3 19 
 21 9 
 3 
 163 164 
 20 10 13 13 14 8 20 17 7 7 14 14 20 21 19 4 23 18 10 21 14 20 
 7 14 
 7 21 
 165 17 10 
 166 20 18 
 8 23 
 167 14 4 
 13 19 
 168 13 21 
 10 
 20 
 173 
 1 5 15 4 
 2 1 7 12 16 18 
 2 3 15 6 8 5 4 1 13 2 9 3 16 23 7 
 22 18 14 19 22 10 13 13 14 2 9 6 2 24 4 5 17 5 
 25 19 17 7 24 1 19 9 12 8 21 
 17 26 3 3 20 27 7 5 
 3 3 19 5 14 
 10 1 14 10 16 10 10 22 22 20 24 23 12 13 
 23 10 19 16 3 23 12 18 
 27 4 20 21 14 19 
 9 
 3 
 178 
 1 5 15 
 2 1 12 16 
 2 3 15 6 5 1 13 2 9 3 16 7 
 18 4 19 22 10 13 13 14 2 9 6 24 4 5 17 5 
 25 19 7 17 14 24 1 19 9 12 8 21 
 17 26 8 3 7 3 20 27 7 5 
 3 3 19 22 5 
 10 1 14 10 10 22 22 20 24 23 12 4 
 23 10 19 10 23 12 19 
 27 4 3 20 21 14 23 18 
 16 9 2 
 16 3 
 14 
 13 
 18 
 163 164 
 20 10 13 13 14 8 20 17 7 7 14 14 20 21 19 4 23 18 10 21 14 20 
 7 14 
 7 21 
 165 17 10 
 166 20 18 
 8 23 
 167 14 4 
 13 19 
 168 13 21 
 10 
 20 
 180 
 181 
 182 
 1 
 2 
 2 5 3.0 15 
 1 2.0 12 16 
 3 15 6 7 5 1 13 2 9 3 16 7 
 18 4 19 22 10 13 13 14 8 2 9 6 24 4 5 5 
 3 25 19 22 17 14 24 1 19 12 8 21 
 183 184 61 10 17 26 3 7 3 20 17 7 5 
 185 3 23 19 9 5 
 186 184 187 16 1 14 10 10 22 22 20 27 24 23 12 
 188 1.0 10 19 16 10 23 12 
 189 27 4 3 20 14 23 18 
 190 4 
 191 19 
 192 9 21 
 3 2 
 193 194 
 3 163 164 14 
 4 20 10 13 13 14 8 20 17 7 7 14 14 20 21 19 4 23 18 10 21 14 20 13 
 25 19 7 14 18 
 10 17 7 21 
 3 19 17 10 
 16 1 10 20 18 
 10 19 8 23 
 14 4 
 13 19 
 195 13 21 
 10 
 20 
 19 
 10 18 196 22 
 3 4 25 17 19 1 10 
 16 10 
 19 
 197 
 198 199 
 200 
 201 1 
 202 2 
 203 2 5 15 
 204 1 12 16 
 205 1.0 3 15 6 5 1 13 2 9 3 16 7 
 18 4 19 22 10 13 13 14 8 2 7 7 14 24 4 5 5 
 3 25 19 9 17 24 1 19 12 8 21 
 183 184 61 10 17 26 22 3 3 20 17 7 5 
 185 3 23 19 6 9 5 
 186 184 187 16 1 14 10 10 22 22 20 27 24 23 12 
 188 10 19 23 12 
 189 16 4 20 10 14 18 
 190 27 3 23 
 191 4 
 192 9 19 
 3 21 
 194 2 
 163 164 
 20 10 13 13 14 8 20 17 7 7 14 14 20 21 19 4 23 18 10 21 14 20 14 
 7 14 13 
 7 21 18 
 165 17 10 
 166 20 18 
 8 23 
 167 14 4 
 13 19 
 168 13 21 
 10 
 20 
 1 
 2 
 2 5 15 
 1 12 16 
 1.0 3 15 6 5 1 13 2 9 3 16 7 
 18 4 19 22 10 13 13 14 8 2 7 7 14 24 4 5 5 
 3 25 19 9 17 24 1 19 12 8 21 
 184 61 10 17 26 22 3 3 20 17 7 5 
 3 23 19 6 9 5 
 184 187 16 1 14 10 10 22 22 20 27 24 23 12 
 10 19 23 12 
 16 4 20 
 27 3 14 
 9 10 
 3 18 
 194 23 
 4 
 163 164 19 
 20 10 13 13 14 8 20 17 7 7 14 14 20 21 19 4 23 18 10 21 14 20 21 
 7 14 2 
 7 21 
 165 17 10 
 166 20 18 14 
 8 23 13 
 167 14 4 18 
 13 19 
 168 13 21 
 10 
 20 
 206 
 207 
 1 
 2 
 2 5 15 
 1 12 16 20 
 1.0 3 15 6 5 1 13 2 9 3 16 14 7 
 18 4 19 22 10 13 13 14 8 2 7 7 14 24 4 5 5 
 3 25 19 9 17 24 1 19 12 8 10 21 
 184 61 10 17 26 22 3 3 20 17 7 5 18 
 3 23 19 6 9 5 23 
 184 187 16 1 14 10 10 22 22 20 27 24 23 12 4 
 10 19 23 12 19 
 16 4 21 
 27 3 2 
 9 
 3 14 
 13 
 18 
 208 
 209 
 210 
 211 
 212 
 213 
 214 
 215 
 216 
 5 
 217 1 
 218 15 
 219 2 
 220 2 
 221 3 12 20 
 222 3 1 6 5 1 13 2 9 16 14 7 
 223 14 18 4 19 22 3 16 15 7 7 14 24 4 5 5 
 25 19 9 17 24 1 19 12 17 8 10 21 
 184 61 17 26 22 3 3 20 2 7 5 18 
 3 19 6 9 8 23 
 184 187 1 10 10 22 22 20 27 24 14 12 4 
 10 19 23 13 19 
 16 4 13 21 
 27 3 10 2 
 10 9 
 23 3 5 14 
 16 23 13 
 12 18 
 5 
 1 
 15 
 2 
 2 
 3 
 1 
 14 
 22 
 3 
 16 12 
 3 15 6 5 1 13 2 9 16 7 
 18 4 19 24 4 5 5 
 25 19 9 17 24 1 19 12 8 21 
 17 26 22 3 3 2 7 5 
 3 19 6 9 
 1 10 10 22 22 20 27 24 12 
 10 19 23 
 10 16 4 
 23 27 3 
 16 
 9 
 3 
 14 20 
 7 14 
 7 
 17 10 
 20 18 
 8 23 
 14 4 
 13 19 
 13 21 
 10 2 
 23 
 12 
 14 
 13 
 18 
 5 
 1 
 15 
 2 
 2 
 3 
 1 
 14 
 22 12 
 3 13 
 16 5 
 3 15 6 5 1 1 2 9 16 7 
 18 4 19 4 
 25 19 9 17 24 19 12 8 21 
 17 26 22 3 3 22 7 5 
 3 19 6 23 5 
 1 10 10 22 24 24 
 10 19 2 
 10 9 4 
 23 27 3 27 
 16 23 
 16 
 12 
 14 20 
 9 7 14 
 3 7 
 17 10 
 20 18 
 8 23 
 14 4 
 13 19 
 13 21 
 10 2 
 20 
 12 
 14 
 13 
 18 
 5 
 1 
 15 
 2 12 
 2 13 
 3 5 
 1 1 
 14 4 
 22 18 
 3 22 
 16 23 
 3 15 6 5 1 19 2 9 16 7 
 4 
 25 19 9 17 24 19 12 8 21 
 10 17 26 22 3 3 
 3 19 6 
 16 1 10 10 22 24 
 10 19 
 4 
 23 27 3 
 5 14 20 
 7 7 14 
 5 7 
 24 17 10 
 2 20 18 
 9 8 23 
 27 14 4 
 23 13 19 
 16 13 21 
 12 10 2 
 20 
 9 12 
 3 14 
 13 
 18 
 
## xl/worksheets/sheet2.xml
  11 
 
 1 2 3 4 
 5 1 6 1 7 8 5 9 2 10 1 9 12 13 2 2 14 13 9 4 15 16 16 17 4 18 7 3 10 10 1 
 19 14 19 16 10 20 16 10 10 21 3 22 22 14 23 19 20 3 9 5 24 12 23 14 12 18 13 2 18 25 17 
 15 19 19 26 22 13 17 3 14 7 24 3 22 6 19 20 27 24 12 7 3 5 8 5 23 5 21 3 27 23 4 
 35 1.0 2.0 3.0 4.0 5.0 6.0 7.0 8.0 9.0 10.0 11.0 12.0 13.0 14.0 15.0 16.0 17.0 18.0 19.0 20.0 21.0 22.0 23.0 24.0 25.0 26.0 27.0 28.0 29.0 30.0 31.0 32.0 33.0 34.0 35.0 36.0 37.0 38.0 39.0 40.0 41.0 42.0 43.0 44.0 45.0 46.0 47.0 49.0 48.0 50.0 51.0 52.0 53.0 54.0 55.0 56.0 57.0 58.0 59.0 60.0 61.0 62.0 63.0 64.0 65.0 66.0 67.0 68.0 69.0 70.0 71.0 72.0 73.0 74.0 75.0 76.0 77.0 78.0 79.0 80.0 81.0 82.0 83.0 84.0 85.0 86.0 87.0 88.0 89.0 90.0 91.0 92.0 93.0 94.0 95.0 96.0 97.0 
 36 17 9 21 23 10 21 18 1 19 21 38 19 8 23 19 20 12 26 10 23 18 2 1 4 18 14 12 9 9 18 1 19 12 18 19 21 18 19 12 1 18 23 9 9 25 4 21 15 23 21 9 27 9 5 21 10 1 4 23 10 1 9 5 19 12 1 18 19 1 19 8 21 4 21 26 23 12 18 12 18 7 5 18 10 1 9 15 21 24 3 4.0 10 21 27 19 12 1 18 
 39 15.0 11.0 4.0 0.0 18.0 4.0 13.0 14.0 19.0 4.0 19.0 7.0 0.0 19.0 9.0 8.0 12.0 18.0 0.0 13.0 1.0 14.0 17.0 13.0 22.0 8.0 11.0 11.0 13.0 14.0 19.0 8.0 13.0 19.0 4.0 13.0 19.0 8.0 14.0 13.0 0.0 11.0 11.0 25.0 17.0 4.0 21.0 0.0 4.0 11.0 2.0 11.0 20.0 4.0 18.0 14.0 17.0 0.0 18.0 14.0 11.0 20.0 19.0 8.0 14.0 13.0 19.0 14.0 19.0 7.0 4.0 17.0 4.0 12.0 0.0 8.0 13.0 8.0 13.0 6.0 20.0 13.0 18.0 14.0 11.0 21.0 4.0 3.0 10.0 4.0 18.0 4.0 2.0 19.0 8.0 14.0 13.0 
 64.0 65.0 66.0 67.0 68.0 69.0 70.0 71.0 72.0 73.0 74.0 
 12 1 18 19 1 19 8 21 4 21 26 
 8.0 14.0 13.0 19.0 14.0 19.0 7.0 4.0 17.0 4.0 12.0 
 41 
 43 
 45 
 47 
 48 
 49 
 50 
 1.0 2.0 3.0 4.0 5.0 6.0 7.0 8.0 9.0 
 21 19 4 23 18 10 21 14 20 
 7.0 5.0 1.0 4.0 6.0 2.0 8.0 3.0 
 19 4 23 18 10 21 14 20 
 7.0 5.0 1.0 4.0 6.0 2.0 8.0 3.0 1 2 3 4 
 5 1 6 1 7 8 5 9 2 10 1 9 12 13 2 2 14 13 9 4 15 16 16 17 4 18 7 3 10 10 1 
 19 14 19 16 10 20 16 10 10 21 3 22 22 14 23 19 20 3 9 5 24 12 23 14 12 18 13 2 18 25 17 
 15 19 19 26 22 13 17 3 14 7 24 3 22 6 19 20 27 24 12 7 3 5 8 5 23 5 21 3 27 23 4 
 1.0 2.0 3.0 4.0 5.0 6.0 7.0 8.0 
 1 2 3 4 5 1 6 1 55 
 59 7 8 5 9 2 10 1 9 61 7.0 5.0 1.0 4.0 6.0 2.0 8.0 3.0 
 2.0 1.0 6.0 3.0 2.0 2.0 5.0 3.0 1.0 1.0 12 13 2 2 14 13 9 4 1 2 3 4 5 1 6 1 7.0 5.0 1.0 4.0 6.0 2.0 3.0 8.0 
 1.0 2.0 2.0 15 16 16 17 4 18 7 3 7 8 5 9 2 10 1 9 1.0 1 2 3 4 5 1 1 6 
 10 10 1 19 14 19 16 10 12 13 2 2 14 13 9 4 2.0 7 8 5 9 2 10 9 1 
 20 16 10 10 21 3 22 22 15 16 16 17 4 18 7 3 3.0 12 13 2 2 14 13 4 9 
 2 23 13 27 2 2 21 27 23 14 23 19 20 3 9 5 24 10 10 1 19 14 19 16 10 4.0 15 16 16 17 4 18 3 7 
 21 19 4 23 18 10 21 14 20 12 23 14 12 18 13 2 18 20 16 10 10 21 3 22 22 5.0 10 10 1 19 14 19 10 16 
 25 17 15 19 19 26 22 13 14 23 19 20 3 9 5 24 6.0 20 16 10 10 21 3 22 22 
 17 3 14 7 24 3 22 6 12 23 14 12 18 13 2 18 7.0 14 23 19 20 3 9 24 5 
 19 20 27 24 12 7 3 5 25 17 15 19 19 26 22 13 8.0 12 23 14 12 18 13 18 2 
 8 5 23 5 21 3 27 23 17 3 14 7 24 3 22 6 9.0 25 17 15 19 19 26 13 22 
 4 19 20 27 24 12 7 3 5 10.0 17 3 14 7 24 3 6 22 
 8 5 23 5 21 3 27 23 11.0 19 20 27 24 12 7 5 3 
 4 12.0 8 5 23 5 21 3 23 27 
 13.0 4 
 1.0 2.0 3.0 4.0 5.0 6.0 7.0 8.0 10.0 9.0 11.0 12.0 13.0 1.0 2.0 3.0 4.0 5.0 6.0 7.0 8.0 9.0 10.0 11.0 12.0 13.0 1.0 2.0 3.0 4.0 5.0 6.0 7.0 8.0 9.0 10.0 11.0 12.0 13.0 1.0 2.0 3.0 4.0 5.0 6.0 7.0 8.0 9.0 10.0 11.0 12.0 13.0 1.0 2.0 3.0 4.0 5.0 6.0 7.0 8.0 9.0 10.0 11.0 12.0 13.0 1.0 2.0 3.0 4.0 5.0 6.0 7.0 8.0 9.0 10.0 11.0 12.0 13.0 1.0 2.0 3.0 4.0 5.0 6.0 7.0 8.0 9.0 10.0 11.0 12.0 13.0 1.0 2.0 3.0 4.0 5.0 6.0 7.0 8.0 9.0 10.0 11.0 12.0 13.0 
 3 5 2 16 1 10 19 14 14 15 27 23 1 10 13 18 19 3 9 13 26 3 7 3 1 9 4 3 10 22 24 18 13 6 5 23 4 9 2 17 19 10 20 12 19 7 24 5 2 8 13 16 10 16 23 23 17 3 20 5 5 2 14 4 14 21 3 18 19 24 12 21 1 7 12 15 10 20 14 12 25 17 19 8 4 6 1 9 7 16 22 5 2 22 22 3 27 
 1.0 2.0 3.0 4.0 5.0 6.0 7.0 8.0 10.0 9.0 11.0 12.0 13.0 1.0 2.0 3.0 4.0 5.0 6.0 7.0 8.0 9.0 10.0 11.0 12.0 13.0 1.0 2.0 3.0 4.0 5.0 6.0 7.0 8.0 9.0 10.0 11.0 12.0 13.0 1.0 2.0 3.0 4.0 5.0 6.0 7.0 8.0 9.0 10.0 11.0 12.0 13.0 1.0 2.0 3.0 4.0 5.0 6.0 7.0 8.0 9.0 10.0 11.0 12.0 13.0 1.0 2.0 3.0 4.0 5.0 6.0 7.0 8.0 9.0 10.0 11.0 12.0 13.0 1.0 2.0 3.0 4.0 5.0 6.0 7.0 8.0 9.0 10.0 11.0 12.0 13.0 1.0 2.0 3.0 4.0 5.0 6.0 7.0 8.0 9.0 10.0 11.0 12.0 13.0 
 3 5 2 16 1 10 19 14 14 15 27 23 1 10 13 18 19 3 9 13 26 3 7 3 1 9 4 3 10 22 24 18 13 6 5 23 4 9 2 17 19 10 20 12 19 7 24 5 2 8 13 16 10 16 23 23 17 3 20 5 5 2 14 4 14 21 3 18 19 24 12 21 1 7 12 15 10 20 14 12 25 17 19 8 4 6 1 9 7 16 22 5 2 22 22 3 27 
 74 75 
 76 77 78 79 
 1 2 3 4 
 5 1 6 1 7 8 5 9 2 10 1 9 12 13 2 2 14 13 9 4 15 16 16 17 4 18 7 3 10 10 1 
 19 14 19 16 10 20 16 10 10 21 3 22 22 14 23 19 20 3 9 5 24 12 23 14 12 18 13 2 18 25 17 
 15 19 19 26 22 13 17 3 14 7 24 3 22 6 19 20 27 24 12 7 3 5 8 5 23 5 21 3 27 23 4 
 1.0 2.0 3.0 4.0 5.0 6.0 7.0 8.0 9.0 10.0 11.0 12.0 13.0 14.0 15.0 16.0 17.0 18.0 19.0 20.0 21.0 22.0 23.0 24.0 25.0 26.0 27.0 28.0 29.0 30.0 31.0 
 76 77 78 79 
 21 19 4 23 18 10 21 14 20 21 19 4 23 18 10 21 14 20 21 19 4 23 18 10 21 14 20 
 2.0 7.0 5.0 1.0 4.0 6.0 2.0 8.0 3.0 2.0 7.0 5.0 1.0 4.0 6.0 2.0 8.0 3.0 1.0 2.0 3.0 4.0 6.0 5.0 7.0 8.0 9.0 10.0 11.0 12.0 13.0 14.0 15.0 16.0 17.0 18.0 19.0 20.0 21.0 22.0 23.0 24.0 25.0 26.0 27.0 28.0 29.0 30.0 31.0 32.0 33.0 34.0 35.0 36.0 37.0 38.0 39.0 40.0 41.0 42.0 43.0 44.0 45.0 46.0 47.0 48.0 49.0 50.0 51.0 52.0 53.0 54.0 55.0 56.0 57.0 58.0 59.0 60.0 61.0 62.0 63.0 64.0 65.0 66.0 67.0 68.0 69.0 70.0 71.0 72.0 73.0 74.0 75.0 76.0 77.0 78.0 79.0 80.0 81.0 82.0 83.0 84.0 85.0 86.0 87.0 88.0 89.0 90.0 91.0 92.0 93.0 94.0 95.0 96.0 97.0 
 1.0 1 2 3 4 5 1 6 1 7 1.0 1 3 2 3 2 10 18 27 3 1.0 3 4 19 22 24 3 6 27 7 8 5 1 18 10 4 15 19 26 13 17 14 7 3 22 19 20 24 12 3 5 5 23 21 3 19 16 16 21 22 19 9 12 12 2 1 6 8 2 9 2 13 15 17 7 2 23 14 10 10 3 14 20 5 23 18 10 17 19 20 10 22 23 3 24 14 13 3 25 1 7 9 1 13 14 4 16 18 27 5 1 5 10 12 2 9 16 4 
 2.0 8 5 9 2 10 1 9 12 13 2.0 10 25 23 4 1 17 4 5 19 2.0 2.0 1.0 3.0 4.0 5.0 6.0 7.0 8.0 9.0 10.0 11.0 12.0 13.0 14.0 15.0 16.0 17.0 18.0 19.0 20.0 21.0 22.0 23.0 24.0 25.0 26.0 27.0 28.0 29.0 30.0 31.0 1.0 2.0 3.0 4.0 5.0 6.0 7.0 8.0 9.0 10.0 11.0 12.0 13.0 14.0 15.0 16.0 17.0 18.0 19.0 20.0 21.0 22.0 23.0 24.0 25.0 26.0 27.0 28.0 29.0 30.0 31.0 1.0 2.0 3.0 4.0 5.0 6.0 7.0 8.0 9.0 10.0 11.0 12.0 13.0 14.0 15.0 16.0 17.0 18.0 19.0 20.0 21.0 22.0 23.0 24.0 25.0 26.0 27.0 28.0 29.0 30.0 31.0 1.0 2.0 
 3.0 2 2 14 13 9 4 15 16 16 3.0 15 1 14 19 6 19 19 1 16 3.0 
 4.0 17 4 18 7 3 10 10 1 19 4.0 26 7 10 22 8 20 13 5 16 4.0 91 
 5.0 14 19 16 10 20 16 10 10 21 5.0 17 9 10 3 2 10 14 10 21 5.0 
 6.0 3 22 22 14 23 19 20 3 9 6.0 7 1 3 24 9 22 3 12 22 6.0 1.0 92 
 7.0 5 24 12 23 14 12 18 13 2 7.0 22 13 14 6 2 23 19 2 19 7.0 
 8.0 18 25 17 15 19 19 26 22 13 8.0 20 14 20 27 13 3 24 9 9 8.0 
 9.0 17 3 14 7 24 3 22 6 19 9.0 12 4 5 7 15 24 3 16 12 9.0 
 10.0 20 27 24 12 7 3 5 8 5 10.0 5 16 23 8 17 14 5 4 12 10.0 
 11.0 23 5 21 3 27 23 4 11.0 23 18 18 5 7 13 21 11.0 
 3 4 19 22 
 3 24 6 27 7 8 5 1 18 10 4 15 19 26 13 17 14 3 7 22 19 20 24 12 3 5 5 23 21 3 19 
 20 10 13 13 14 8 20 17 7 7 14 16 16 21 22 19 9 12 12 2 1 6 8 2 9 2 13 17 15 7 2 23 14 10 10 3 14 20 5 23 18 
 10 17 19 20 10 22 23 3 24 14 13 3 25 1 7 9 1 14 13 4 16 18 27 5 1 5 10 12 2 9 16 
 4 
 
 2.0 1.0 6.0 3.0 2.0 2.0 5.0 3.0 1.0 1.0 
 2.0 1.0 6.0 3.0 2.0 2.0 5.0 3.0 1.0 1.0 2.0 1.0 6.0 3.0 2.0 2.0 5.0 3.0 1.0 1.0 2.0 1.0 6.0 3.0 2.0 2.0 5.0 3.0 1.0 1.0 2.0 
 1.0 23 3 19 9 4.0 
 2.0 10 4 16 22 20 19 23 1 3 4 1 15 2 1 9 1 7 13 19 2 20 10 5 10 10 3 4 23 21 18 35.0 
 3.0 16 24 6 21 7 9 22 12 24 10 13 19 8 13 2 9 15 14 22 16 24 14 3 3 5 12 2 19 16 27 66.0 
 4.0 8 12 14 3 26 17 13 17 4 18 12 5 14 5 3 19 5 2 25 14 7 27 5 20 22 17 10 6 18 7 97.0 
 5.0 3 23 1 100.0 
 6.0 1.0 2.0 3.0 4.0 5.0 6.0 7.0 8.0 9.0 10.0 11.0 12.0 13.0 14.0 15.0 16.0 17.0 18.0 19.0 20.0 21.0 22.0 23.0 24.0 25.0 26.0 27.0 28.0 30.0 29.0 31.0 
 7.0 
 8.0 
 9.0 
 10.0 20 10 13 13 14 8 20 17 7 7 14 
 11.0 
 2.0 1.0 6.0 3.0 2.0 2.0 5.0 3.0 1.0 1.0 
 1.0 1.0 1.0 2.0 2.0 2.0 3.0 3.0 5.0 6.0 
 1.0 10.0 1.0 19 20 19 23 10 4 9 22 16 3 
 2.0 9.0 2.0 1 9 1 23 1 15 4 1 2 3 
 3.0 8.0 3.0 13 10 7 20 10 2 10 5 19 
 4.0 7.0 4.0 4 21 7 3 18 16 23 6 24 21 
 5.0 6.0 5.0 22 13 2 9 10 13 24 8 19 12 
 6.0 5.0 6.0 15 3 5 9 16 24 22 3 14 14 
 7.0 4.0 7.0 2 14 12 27 16 12 8 19 
 8.0 3.0 8.0 26 5 14 3 17 4 13 12 18 17 
 9.0 2.0 9.0 3 27 5 5 2 25 5 7 14 19 
 10.0 1.0 10.0 22 23 1 20 18 6 10 3 7 17 
 11.0 
 2.0 1.0 6.0 3.0 2.0 2.0 5.0 3.0 1.0 1.0 
 
 6.0 
 1.0 5.0 
 19 3.0 
 1 3.0 9 3.0 
 2.0 2.0 2.0 2.0 4 3.0 
 1.0 1.0 7 23 2.0 2.0 2 22 1.0 1.0 
 19 1.0 2 23 10 4 23 1 5.0 6.0 6.0 
 1 20 5 7 1 15 24 10 16 3 1.0 
 10.0 1.0 13 9 14 3 20 10 22 6 2 3 19 1 7 19 2 1 20 5 13 9 14 4 10 14 22 21 5 15 13 1 2 3 26 3 5 22 27 23 23 23 10 4 7 1 15 3 20 10 9 18 16 9 10 13 12 16 24 3 27 5 17 4 20 2 25 18 6 9 4 2 22 23 1 24 10 22 6 16 8 13 3 
 9.0 2.0 4 10 14 9 18 16 16 8 5 19 1.0 2.0 3.0 4.0 5.0 6.0 7.0 8.0 9.0 10.0 11.0 12.0 13.0 14.0 15.0 16.0 17.0 18.0 19.0 21.0 20.0 22.0 23.0 24.0 25.0 26.0 27.0 28.0 29.0 30.0 31.0 1.0 2.0 3.0 4.0 5.0 6.0 7.0 8.0 9.0 10.0 11.0 12.0 13.0 14.0 15.0 16.0 17.0 18.0 19.0 20.0 21.0 22.0 23.0 24.0 25.0 26.0 27.0 28.0 29.0 30.0 31.0 5 12 
 8.0 3.0 22 21 5 9 10 13 13 3 24 21 2.0 10 12 
 7.0 4.0 15 13 1 12 16 24 5 12 19 12 1.0 1.0 5.0 7 
 6.0 5.0 2 3 3 27 10 12 14 14 1.0 3.0 3.0 3 
 5.0 6.0 26 5 17 4 7 8 19 2.0 2.0 2.0 3.0 
 4.0 7.0 3 5 20 2 25 3 18 17 2.0 2.0 3.0 
 3.0 8.0 22 27 18 6 14 19 
 2.0 9.0 23 7 17 
 1.0 10.0 
 
 20 10 13 13 14 8 20 17 7 7 14 
 
 
 3 4 19 22 3 24 6 27 7 8 5 1 18 10 4 15 19 26 13 17 14 7 3 22 19 20 24 12 3 5 5 23 21 3 19 16 16 21 22 19 9 12 12 2 1 6 2 8 9 2 13 15 17 7 2 23 14 10 10 3 14 20 5 23 18 10 17 19 20 10 22 23 3 24 14 13 3 25 1 7 9 1 13 14 4 16 18 27 5 1 5 10 12 2 9 16 4 
 2.0 1.0 6.0 3.0 2.0 2.0 5.0 3.0 1.0 1.0 2.0 1.0 6.0 3.0 2.0 2.0 5.0 3.0 1.0 1.0 2.0 1.0 6.0 3.0 2.0 2.0 5.0 3.0 1.0 1.0 2.0 1.0 6.0 3.0 2.0 2.0 5.0 3.0 1.0 1.0 2.0 1.0 6.0 3.0 2.0 2.0 5.0 1.0 3.0 1.0 2.0 1.0 6.0 3.0 2.0 2.0 5.0 3.0 1.0 1.0 2.0 1.0 6.0 3.0 2.0 2.0 5.0 3.0 1.0 1.0 2.0 1.0 6.0 3.0 2.0 2.0 5.0 3.0 1.0 1.0 2.0 1.0 6.0 3.0 2.0 2.0 5.0 3.0 1.0 1.0 2.0 1.0 6.0 3.0 2.0 2.0 5.0 3.0 1.0 1.0 
 94 
 3 4 19 22 3 24 6 27 7 8 5 1 18 10 4 15 19 26 13 17 14 7 3 22 19 20 24 12 3 5 5 23 21 3 19 16 16 21 22 19 9 12 12 2 1 6 2 8 9 2 13 15 17 7 2 23 14 10 10 3 14 20 5 23 18 10 17 19 20 10 22 23 3 24 14 13 3 25 1 7 9 1 13 14 4 16 18 27 5 1 5 10 12 2 9 16 4 
 2.0 1.0 6.0 3.0 2.0 2.0 5.0 3.0 1.0 1.0 2.0 1.0 6.0 3.0 2.0 2.0 5.0 3.0 1.0 1.0 2.0 1.0 6.0 3.0 2.0 2.0 5.0 3.0 1.0 1.0 2.0 1.0 6.0 3.0 2.0 2.0 5.0 3.0 1.0 1.0 2.0 1.0 6.0 3.0 2.0 5.0 2.0 3.0 1.0 1.0 2.0 1.0 6.0 3.0 2.0 2.0 5.0 3.0 1.0 1.0 2.0 1.0 6.0 3.0 2.0 2.0 5.0 3.0 1.0 1.0 2.0 1.0 6.0 3.0 2.0 2.0 5.0 3.0 1.0 1.0 2.0 1.0 6.0 3.0 2.0 2.0 5.0 3.0 1.0 1.0 2.0 1.0 6.0 3.0 2.0 2.0 5.0 3.0 1.0 1.0 
 8.0 
 1.0 2.0 3.0 4.0 5.0 6.0 7.0 
 
 64.0 65.0 66.0 67.0 68.0 69.0 70.0 71.0 72.0 73.0 74.0 
 95 20 10 13 13 14 8 20 17 7 7 14 96 97 98 99 100 98 101 102 99 98 103 104 105 99 106 98 105 107 
 
 3 4 19 22 3 24 6 27 7 8 5 1 18 10 4 15 19 26 13 17 14 7 3 22 19 20 24 12 3 5 5 23 21 3 19 16 16 21 22 19 9 12 12 2 1 6 8 9 2 2 13 15 17 7 2 23 14 10 10 3 14 20 5 23 18 10 17 19 20 10 22 23 3 24 14 13 3 25 1 7 9 1 13 14 4 16 18 27 5 1 5 10 12 2 9 16 4 
 2.0 5.0 2.0 1.0 6.0 3.0 2.0 2.0 5.0 3.0 1.0 1.0 2.0 1.0 6.0 3.0 2.0 2.0 5.0 3.0 1.0 1.0 2.0 1.0 6.0 3.0 2.0 2.0 5.0 3.0 1.0 1.0 2.0 1.0 6.0 3.0 2.0 2.0 5.0 3.0 1.0 1.0 2.0 1.0 6.0 3.0 2.0 5.0 2.0 3.0 1.0 1.0 2.0 1.0 6.0 3.0 2.0 2.0 5.0 3.0 1.0 1.0 2.0 1.0 6.0 3.0 2.0 2.0 5.0 3.0 1.0 1.0 2.0 1.0 6.0 3.0 2.0 2.0 5.0 3.0 1.0 1.0 2.0 1.0 6.0 3.0 2.0 2.0 5.0 3.0 1.0 1.0 2.0 1.0 6.0 3.0 2.0 
 108 102 109 110 111 96 112 113 97 114 109 115 115 116 117 100 109 98 114 107 117 118 108 110 112 108 101 114 115 117 109 119 96 97 112 116 107 96 113 102 108 120 114 104 105 110 120 111 121 113 96 102 99 118 118 104 100 105 117 103 117 114 102 119 116 109 99 109 98 109 110 119 108 113 104 106 108 110 116 120 108 115 118 117 117 116 115 113 112 99 109 116 114 104 99 116 116 
 
 64.0 65.0 66.0 67.0 68.0 69.0 70.0 71.0 72.0 73.0 74.0 
 119 113 99 97 106 103 104 97 98 104 114 
 
 122 
 2.0 1.0 6.0 3.0 2.0 2.0 5.0 3.0 1.0 1.0 
 1.0 2.0 3.0 4.0 5.0 6.0 7.0 8.0 9.0 10.0 11.0 12.0 13.0 14.0 15.0 16.0 17.0 18.0 19.0 20.0 21.0 22.0 23.0 24.0 25.0 26.0 27.0 28.0 29.0 30.0 31.0 
 1.0 1 2 3 4 1.0 
 2.0 5 1 6 1 7 8 5 9 2 10 1 9 12 13 2 2 14 13 9 4 15 16 16 17 4 18 7 3 10 10 1 2.0 
 3.0 19 14 19 16 10 20 16 10 10 21 3 22 22 14 23 19 20 3 9 5 24 12 23 14 12 18 13 2 18 25 17 3.0 
 4.0 15 19 19 26 22 13 17 3 14 7 24 3 22 6 19 20 27 24 12 7 3 5 8 5 23 5 21 3 27 23 4 4.0 
 1.0 2.0 3.0 4.0 5.0 6.0 7.0 8.0 9.0 10.0 11.0 12.0 13.0 14.0 15.0 16.0 17.0 18.0 19.0 20.0 21.0 22.0 23.0 24.0 25.0 26.0 27.0 28.0 29.0 30.0 31.0 
 2.0 1.0 6.0 3.0 2.0 2.0 5.0 3.0 1.0 1.0 
 1.0 2.0 3.0 4.0 5.0 6.0 7.0 8.0 9.0 10.0 11.0 12.0 13.0 14.0 15.0 16.0 17.0 18.0 19.0 20.0 21.0 22.0 23.0 24.0 25.0 26.0 27.0 28.0 29.0 30.0 31.0 
 1.0 1 2 3 4 1.0 
 2.0 5 1 6 1 7 8 5 9 2 10 1 9 12 13 2 2 14 13 9 4 15 16 16 17 4 18 7 3 10 10 1 2.0 
 3.0 19 14 19 16 10 20 16 10 10 21 3 22 22 14 23 19 20 3 9 5 24 12 23 14 12 18 13 18 25 17 3.0 
 4.0 15 19 19 26 22 13 17 3 14 7 24 3 22 6 19 20 27 24 12 7 3 5 8 5 23 5 21 3 27 23 4 4.0 
 1.0 2.0 3.0 4.0 5.0 6.0 7.0 8.0 9.0 10.0 11.0 12.0 13.0 14.0 15.0 16.0 17.0 18.0 19.0 20.0 21.0 22.0 23.0 24.0 25.0 26.0 27.0 28.0 29.0 30.0 31.0 
 21 19 4 23 18 10 21 14 20 
 2.0 7.0 5.0 1.0 4.0 6.0 2.0 8.0 3.0 
 2 
 122 144 
 2.0 1.0 6.0 3.0 2.0 2.0 5.0 3.0 1.0 1.0 
 11 
 
 1 2 3 4 
 5 1 6 1 7 8 5 9 2 10 1 9 12 13 2 2 14 13 9 4 15 16 16 17 4 18 7 3 10 10 1 
 19 14 19 16 10 20 16 10 10 21 3 22 22 14 23 19 20 3 9 5 24 12 23 14 12 18 13 2 18 25 17 
 15 19 19 26 22 13 17 3 14 7 24 3 22 6 19 20 27 24 12 7 3 5 8 5 23 5 21 3 27 23 4 
 21 19 4 23 18 10 21 14 20 
 2.0 7.0 5.0 1.0 4.0 6.0 2.0 8.0 3.0 
 
 
 1 3 5 6 7 5 2 1 12 2 14 9 15 16 4 7 
 2 4 1 1 8 9 10 9 13 2 13 4 16 17 18 
 2 25 15 19 22 17 14 24 22 19 27 12 3 8 23 21 
 18 17 19 26 13 3 7 3 6 20 24 7 5 5 5 
 3 19 
 1 10 10 22 20 24 12 
 3 10 19 16 10 22 19 5 14 
 10 4 14 16 3 23 9 23 13 
 23 20 21 14 3 12 18 
 27 
 1 3 5 6 7 5 2 1 12 2 14 9 15 16 4 7 
 2 1 1 8 9 10 9 13 2 13 4 16 17 18 
 2 15 19 22 17 14 24 22 19 27 12 3 8 23 21 
 18 19 26 13 3 7 3 6 20 24 7 5 5 5 
 3 4 25 17 19 1 10 
 10 10 22 20 24 12 
 3 19 16 10 22 19 5 14 
 10 4 14 16 3 23 9 23 13 
 23 20 21 14 3 12 18 
 27 
 
 1.0 2.0 3.0 4.0 5.0 6.0 7.0 8.0 9.0 10.0 11.0 12.0 13.0 14.0 15.0 16.0 17.0 18.0 19.0 20.0 21.0 22.0 23.0 24.0 25.0 26.0 27.0 28.0 29.0 30.0 31.0 
 
 3 4 25 17 19 1 10 10 10 22 20 24 12 3 19 16 10 22 19 5 14 10 4 14 16 3 23 9 23 13 23 
 20 21 14 3 12 18 27 1 3 5 6 7 5 2 1 12 2 14 9 15 16 4 7 2 1 1 8 9 10 9 13 
 2 13 4 16 17 18 2 15 19 22 17 14 24 22 19 27 12 3 8 23 21 18 19 26 13 3 7 3 6 20 24 
 7 5 5 5 
 
 
 
 171 
 2.0 1.0 6.0 3.0 2.0 2.0 5.0 3.0 1.0 1.0 172 26.0 174 
 175 176 
 1.0 2.0 3.0 4.0 5.0 6.0 7.0 8.0 9.0 10.0 11.0 12.0 13.0 14.0 15.0 16.0 17.0 18.0 19.0 20.0 21.0 22.0 23.0 24.0 25.0 26.0 27.0 28.0 29.0 30.0 31.0 32.0 33.0 34.0 35.0 36.0 37.0 38.0 39.0 40.0 41.0 42.0 43.0 45.0 44.0 46.0 47.0 48.0 49.0 50.0 51.0 52.0 53.0 54.0 55.0 56.0 57.0 58.0 59.0 60.0 61.0 62.0 63.0 64.0 65.0 66.0 67.0 68.0 69.0 70.0 71.0 72.0 73.0 74.0 75.0 76.0 77.0 78.0 79.0 80.0 81.0 82.0 83.0 84.0 85.0 86.0 87.0 88.0 89.0 90.0 91.0 92.0 93.0 94.0 95.0 96.0 97.0 
 1.0 177 
 
 3 4 19 22 3 24 6 27 7 8 
 5 1 18 10 4 15 19 26 13 17 
 14 7 3 22 19 20 24 12 3 5 
 5 23 21 3 19 16 16 21 22 19 179 
 9 12 12 2 1 6 8 2 9 
 2 13 15 17 7 2 23 14 10 10 2.0 4.0 6.0 8.0 10.0 11.0 1.0 2.0 4.0 6.0 8.0 10.0 12.0 14.0 16.0 18.0 20.0 22.0 
 3 14 20 5 23 18 10 17 19 20 3 4 19 22 3 24 6 27 7 8 5 1 18 10 4 15 19 26 13 17 14 7 3 22 19 20 24 12 3 5 5 23 21 3 19 16 16 21 22 19 9 12 12 2 1 6 8 2 9 2 13 15 17 7 2 23 14 10 10 3 14 20 5 23 18 10 17 19 20 10 22 23 3 24 14 13 3 25 1 7 9 1 13 14 4 16 18 27 5 1 5 10 12 2 9 16 4 
 10 22 23 3 24 14 13 3 25 1 
 7 9 1 13 14 4 16 18 27 5 
 1 5 10 12 2 9 16 4 
 
 
 
 1.0 
 3 4 19 22 3 24 6 27 7 8 5 
 35 64.0 65.0 66.0 67.0 68.0 69.0 70.0 71.0 72.0 73.0 74.0 
 147 20 10 13 13 14 8 20 17 7 7 14 1.0 2.0 4.0 6.0 8.0 10.0 12.0 14.0 16.0 18.0 20.0 22.0 1.0 2.0 3.0 4.0 5.0 6.0 7.0 8.0 9.0 10.0 11.0 1.0 2.0 3.0 4.0 5.0 6.0 7.0 8.0 9.0 10.0 11.0 1.0 2.0 3.0 4.0 5.0 6.0 7.0 8.0 9.0 10.0 11.0 1.0 2.0 3.0 4.0 5.0 6.0 7.0 8.0 9.0 10.0 11.0 1.0 2.0 3.0 4.0 5.0 6.0 7.0 8.0 9.0 10.0 11.0 1.0 2.0 3.0 4.0 5.0 6.0 7.0 8.0 9.0 10.0 11.0 
 39 9.0 18.0 5.0 5.0 22.0 7.0 9.0 15.0 6.0 6.0 22.0 
 148 12 1 18 19 1 19 8 21 4 21 26 2.0 2.0 
 39 8.0 14.0 13.0 19.0 14.0 19.0 7.0 4.0 17.0 4.0 12.0 1 18 
 149 1.0 4.0 17.0 11.0 8.0 13.0 2.0 11.0 14.0 2.0 10.0 10 4 
 150 119 113 99 97 106 103 104 97 98 104 114 15 19 
 26 13 
 17 14 
 7 3 
 22 19 
 20 24 
 1.0 2.0 2.0 3.0 4.0 5.0 6.0 7.0 8.0 12 3 
 3 1 18 3 2 2 10 3 27 5 5 
 4 10 4 19 1 23 17 25 5 23 21 
 19 15 19 16 6 14 19 1 1 
 22 26 13 16 8 10 20 7 5 
 3 17 14 21 2 10 10 9 10 3.0 
 24 7 3 22 9 3 22 1 12 3 19 16 16 21 22 19 9 12 12 
 6 22 19 19 2 14 23 13 2 
 27 20 24 9 13 20 3 14 9 
 7 12 3 12 15 5 24 4 16 4.0 
 8 5 5 12 17 23 14 16 4 2 1 6 8 2 9 2 13 15 17 7 
 5 23 21 7 18 13 18 
 5.0 
 2 23 14 10 10 3 14 20 5 23 18 
 6.0 
 10 17 19 20 10 22 23 3 24 14 13 
 1.0 2.0 2.0 3.0 4.0 5.0 6.0 7.0 8.0 
 7.0 
 3 25 1 7 9 1 13 14 4 16 18 
 21 19 4 23 18 10 21 14 20 21 19 4 23 18 10 21 14 20 
 2.0 7.0 5.0 1.0 4.0 6.0 2.0 8.0 3.0 2.0 7.0 5.0 1.0 4.0 6.0 2.0 8.0 3.0 
 8.0 
 1 3 2 3 2 10 18 27 3 27 5 1 5 10 12 2 9 16 4 
 10 25 23 4 1 17 4 5 19 
 15 1 14 19 6 19 19 1 16 
 26 7 10 22 8 20 13 5 16 
 17 9 10 3 2 10 14 10 21 
 7 1 3 24 9 22 3 12 22 
 22 13 14 6 2 23 19 2 19 
 20 14 20 27 13 3 24 9 9 
 12 4 5 7 15 24 3 16 12 
 5 16 23 8 17 14 5 4 12 
 23 18 18 5 7 13 21 
 
 
 
 
 224 
 1 2 3 4 
 5 1 6 1 7 8 5 9 2 10 1 9 12 13 2 2 14 13 9 4 15 16 16 17 4 18 7 3 10 10 1 
 19 14 19 16 10 20 16 10 10 21 3 22 22 14 23 19 20 3 9 5 24 12 23 14 12 18 13 2 18 25 17 
 15 19 19 26 22 13 17 3 14 7 24 3 22 6 19 20 27 24 12 7 3 5 8 5 23 5 21 3 27 23 4 
 1.0 2.0 3.0 4.0 5.0 6.0 7.0 8.0 9.0 10.0 11.0 12.0 13.0 14.0 15.0 16.0 17.0 18.0 19.0 20.0 21.0 22.0 23.0 24.0 25.0 26.0 27.0 28.0 29.0 30.0 31.0 
 
 
 64.0 65.0 66.0 67.0 68.0 69.0 70.0 71.0 72.0 73.0 74.0 
 20 10 13 13 14 8 20 17 7 7 14 
 
 
 
 
 
 28 
 1 2 3 4 5 1 6 1 7 8 5 9 2 10 1 9 12 13 2 2 14 13 9 4 15 16 16 17 4 18 7 
 3 10 10 1 19 14 19 16 10 20 16 10 10 21 3 22 22 14 23 19 20 3 9 5 24 12 23 14 12 18 13 
 2 18 25 17 15 19 19 26 22 13 17 3 14 7 24 3 22 6 19 20 27 24 12 7 3 5 8 5 23 5 21 
 3 27 23 4 
 1 2 3 4 
 5 1 6 1 7 8 5 9 2 10 1 9 12 13 2 2 14 13 9 4 15 16 16 17 4 18 7 3 10 10 1 
 19 14 19 16 10 20 16 10 10 21 3 22 22 14 23 19 20 3 9 5 24 12 23 14 12 18 13 2 18 25 17 
 15 19 19 26 22 13 17 3 14 7 24 3 22 6 19 20 27 24 12 7 3 5 8 5 23 5 21 3 27 23 4 
 1.0 2.0 3.0 4.0 5.0 6.0 7.0 8.0 9.0 10.0 11.0 12.0 13.0 14.0 15.0 16.0 17.0 18.0 19.0 20.0 21.0 22.0 23.0 24.0 25.0 26.0 27.0 28.0 29.0 30.0 31.0 
 28 
 1 2 3 4 5 1 6 1 7 8 5 9 2 10 1 9 12 13 2 2 14 13 9 4 15 16 16 17 4 18 7 
 3 10 10 1 19 14 19 16 10 20 16 10 10 21 3 22 22 14 23 19 20 3 9 5 24 12 23 14 12 18 13 
 2 18 25 17 15 19 19 26 22 13 17 3 14 7 24 3 22 6 19 20 27 24 12 7 3 5 8 5 23 5 21 
 3 27 23 4 
 1.0 2.0 3.0 4.0 5.0 6.0 7.0 8.0 9.0 10.0 11.0 12.0 13.0 14.0 15.0 16.0 17.0 18.0 19.0 20.0 21.0 22.0 23.0 24.0 25.0 26.0 27.0 28.0 29.0 30.0 31.0 
 64.0 65.0 66.0 67.0 68.0 69.0 70.0 71.0 72.0 73.0 74.0 
 20 10 13 13 14 8 20 17 7 7 14 
 225 
 226 227 
 1.0 2.0 3.0 4.0 5.0 6.0 
 1.0 1 2 3 4 5 1 
 2.0 6 1 7 8 5 9 
 3.0 2 10 1 9 12 13 
 4.0 2 2 14 13 9 4 
 5.0 15 16 16 17 4 18 
 6.0 7 3 10 10 1 19 
 7.0 14 19 16 10 20 16 
 8.0 10 10 21 3 22 22 
 9.0 14 23 19 20 3 9 
 10.0 5 24 12 23 14 12 
 11.0 18 13 2 18 25 17 
 12.0 15 19 19 26 22 13 
 13.0 17 3 14 7 24 3 
 14.0 22 6 19 20 27 24 
 15.0 12 7 3 5 8 5 
 16.0 23 5 21 3 27 23 
 17.0 4 
 
 
 
 
 
 228 
 229 
 2.0 1.0 6.0 3.0 2.0 2.0 5.0 3.0 1.0 1.0 
 230 
 21 19 4 23 18 10 21 14 20 
 2.0 7.0 5.0 1.0 4.0 6.0 2.0 8.0 3.0 
 3 4 25 17 19 1 10 10 10 22 20 24 12 3 19 16 10 22 19 5 14 10 4 14 16 3 23 9 23 13 23 
 20 21 14 3 12 18 27 1 3 5 6 7 5 2 1 12 2 14 9 15 16 4 7 2 1 1 8 9 10 9 13 
 2 13 4 16 17 18 2 15 19 22 17 14 24 22 19 27 12 3 8 23 21 18 19 26 13 3 7 3 6 20 24 
 7 5 5 5 
 2.0 1.0 6.0 3.0 2.0 2.0 5.0 3.0 1.0 1.0 1.0 1.0 1.0 
 3 4 25 17 19 1 10 10 10 22 4 10 22 24 19 5 10 23 13 20 1 3 6 14 9 16 9 10 13 2 15 22 12 3 23 7 3 20 6 6 3 19 1 20 19 16 16 14 3 23 3 12 5 2 1 15 2 1 9 4 16 19 24 22 8 19 26 6 5 5 17 10 3 22 14 9 14 27 5 2 7 8 13 18 14 27 18 3 7 6 
 20 24 12 3 19 16 10 22 19 5 
 14 10 4 14 16 3 23 9 23 13 2.0 2.0 2.0 3.0 3.0 
 23 20 21 14 3 12 18 27 1 3 5.0 
 5 6 7 5 2 1 12 2 14 9 10 10 23 18 12 1 17 19 13 5 25 12 4 21 7 4 2 17 21 24 
 15 16 4 7 2 1 1 8 9 10 
 9 13 2 13 4 16 17 18 2 15 6.0 
 19 22 17 14 24 22 19 27 12 3 
 8 23 21 18 19 26 13 3 7 3 
 6 20 24 7 5 5 5 6 6 6 
 231 
 2.0 1.0 6.0 3.0 2.0 2.0 5.0 3.0 1.0 1.0 
 3 4 25 17 19 1 10 10 10 22 1.0 1.0 1.0 
 20 24 12 3 19 16 10 22 19 5 20 25 14 5 17 1 18 10 3 22 7 14 5 19 16 27 19 9 5 4 18 7 13 3 3 23 10 13 6 6 
 14 10 4 14 16 3 23 9 23 13 
 23 20 21 14 3 12 18 27 1 3 2.0 2.0 2.0 
 5 6 7 5 2 1 12 2 14 9 3 4 21 4 16 5 18 2 10 19 20 6 12 2 22 12 12 22 8 14 16 4 2 26 1 7 9 6 23 13 
 15 16 4 7 2 1 1 8 9 10 
 9 13 2 13 4 16 17 18 2 15 3.0 3.0 
 19 22 17 14 24 22 19 27 12 3 7 5 3 12 27 15 22 24 3 1 2 3 23 10 14 1 8 3 20 6 
 8 23 21 18 19 26 13 3 7 3 
 6 20 24 7 5 5 5 6 6 6 5.0 
 13 19 1 17 19 14 21 16 9 24 
 6.0 
 2 17 10 5 24 10 15 19 23 9 
 21 19 4 23 18 10 21 14 20 
 2.0 7.0 5.0 1.0 4.0 6.0 2.0 8.0 3.0 
 20 25 14 5 17 1 18 10 3 
 22 7 14 5 19 16 27 19 9 
 5 4 18 7 13 3 3 23 10 
 13 6 6 3 4 21 4 16 5 
 18 2 10 19 20 6 12 2 22 
 12 12 22 8 14 16 4 2 26 
 1 7 9 6 23 13 7 5 3 
 12 27 15 22 24 3 1 2 3 
 23 10 14 1 8 3 20 6 13 
 19 1 17 19 14 21 16 9 24 
 2 17 10 5 24 10 15 19 23 
 9 
 21 19 4 23 18 10 21 14 20 21 19 4 23 18 10 21 14 20 
 2.0 7.0 5.0 1.0 4.0 6.0 2.0 8.0 3.0 1.0 
 20 25 14 5 17 1 18 10 3 5 5 7 3 19 8 6 22 1 19 5 6 
 22 7 14 5 19 16 27 19 9 
 5 4 18 7 13 3 3 23 10 2.0 2.0 
 13 6 6 3 4 21 4 16 5 20 18 22 27 5 3 13 4 18 12 12 4 1 7 12 1 23 20 19 16 2 15 9 6 
 18 2 10 19 20 6 12 2 22 
 12 12 22 8 14 16 4 2 26 3.0 
 1 7 9 6 23 13 7 5 3 3 9 10 5 22 26 3 3 13 24 23 6 
 12 27 15 22 24 3 1 2 3 
 23 10 14 1 8 3 20 6 13 4.0 
 19 1 17 19 14 21 16 9 24 17 19 13 4 20 14 23 24 8 14 24 6 
 2 17 10 5 24 10 15 19 23 
 9 6 6 6 6 6 6 6 6 5.0 
 14 14 18 6 10 22 9 15 14 17 10 6 
 6.0 
 1 16 3 21 6 16 13 3 3 21 10 6 
 7.0 
 25 7 4 6 2 12 7 27 10 1 17 6 
 8.0 
 10 19 23 16 2 2 5 2 6 9 19 6 
 21 19 4 23 18 10 21 14 20 
 2.0 7.0 5.0 1.0 4.0 6.0 2.0 8.0 3.0 
 20 25 14 5 17 1 18 10 3 
 22 7 14 5 19 16 27 19 9 
 5 4 18 7 13 3 3 23 10 
 13 3 4 21 4 16 5 18 2 
 10 19 20 6 12 2 22 12 12 
 22 8 14 16 4 2 26 1 7 
 9 6 23 13 7 5 3 12 27 
 15 22 24 3 1 2 3 23 10 
 14 1 8 3 20 13 19 1 17 
 19 14 21 16 9 24 2 17 10 
 5 24 10 15 19 23 9 6 6 
 21 19 4 23 18 10 21 14 20 
 1.0 
 5 5 7 21 6 16 13 3 3 16 15 
 2.0 2.0 
 20 18 22 27 5 3 13 5 10 22 22 
 26 9 3 15 3 14 19 19 2 5 9 
 3.0 
 3 9 10 2 12 7 27 10 17 10 6 
 4.0 
 17 19 13 4 12 4 7 1 20 9 19 
 5.0 
 14 14 18 4 20 14 23 24 8 21 10 
 6.0 
 1 16 3 16 2 2 5 2 13 24 23 
 7.0 
 25 7 4 3 19 8 6 22 1 14 24 
 8.0 
 10 19 23 18 12 1 12 23 1 17 6 
 
 
 
 35 64.0 65.0 66.0 67.0 68.0 69.0 70.0 71.0 72.0 73.0 74.0 
 147 20 10 13 13 14 8 20 17 7 7 14 
 39 9.0 18.0 5.0 5.0 22.0 7.0 9.0 15.0 6.0 6.0 22.0 
 148 12 1 18 19 1 19 8 21 4 21 26 
 39 8.0 14.0 13.0 19.0 14.0 19.0 7.0 4.0 17.0 4.0 12.0 
 149 1.0 4.0 17.0 11.0 8.0 13.0 2.0 11.0 14.0 2.0 10.0 
 150 119 113 99 97 106 103 104 97 98 104 114 
 
 
 
 
 1.0 2.0 3.0 4.0 5.0 6.0 7.0 8.0 9.0 10.0 11.0 1.0 2.0 3.0 4.0 5.0 6.0 7.0 8.0 9.0 10.0 11.0 1.0 2.0 3.0 4.0 5.0 6.0 7.0 8.0 9.0 10.0 11.0 1.0 2.0 3.0 4.0 6.0 5.0 7.0 8.0 9.0 10.0 11.0 1.0 2.0 3.0 4.0 5.0 6.0 7.0 8.0 9.0 10.0 11.0 1.0 2.0 3.0 4.0 5.0 6.0 7.0 8.0 9.0 10.0 11.0 1.0 2.0 3.0 4.0 5.0 6.0 7.0 8.0 9.0 10.0 11.0 1.0 2.0 3.0 4.0 5.0 6.0 7.0 8.0 9.0 10.0 11.0 1.0 2.0 3.0 4.0 5.0 6.0 7.0 8.0 9.0 10.0 11.0 
 4 2 13 7 10 14 23 15 7 12 3 1 6 8 9 2 15 17 10 14 10 3 20 5 18 18 26 17 22 20 5 23 4 7 13 16 19 9 21 2 13 19 5 5 10 9 3 20 23 14 19 24 7 27 3 9 14 18 16 22 12 17 14 24 21 1 1 4 10 16 19 12 19 3 3 23 2 5 2 4 19 22 24 25 3 27 5 1 12 16 1 10 3 13 22 6 8 
 
 1.0 2.0 3.0 4.0 5.0 6.0 7.0 8.0 9.0 10.0 11.0 1.0 2.0 3.0 4.0 5.0 6.0 7.0 8.0 9.0 10.0 11.0 1.0 2.0 3.0 4.0 5.0 6.0 7.0 8.0 9.0 10.0 11.0 1.0 2.0 3.0 4.0 5.0 7.0 6.0 8.0 9.0 10.0 11.0 1.0 2.0 3.0 4.0 5.0 6.0 7.0 8.0 9.0 10.0 11.0 1.0 2.0 3.0 4.0 5.0 6.0 7.0 8.0 9.0 10.0 11.0 1.0 2.0 3.0 4.0 5.0 6.0 7.0 8.0 9.0 10.0 11.0 1.0 2.0 3.0 4.0 5.0 6.0 7.0 8.0 9.0 10.0 11.0 1.0 2.0 3.0 4.0 5.0 6.0 7.0 8.0 9.0 10.0 11.0 
 4 2 13 7 10 14 23 15 7 12 3 1 6 8 9 2 15 17 10 14 10 3 20 5 18 18 26 17 22 20 5 23 4 7 13 16 19 21 2 9 13 19 5 5 10 9 3 20 23 14 19 24 7 27 3 9 14 18 16 22 12 17 14 24 21 1 1 4 10 16 19 12 19 3 3 23 2 5 2 4 19 22 24 25 3 27 5 1 12 16 1 10 3 13 22 6 8 
 59 
 2.0 1.0 6.0 3.0 2.0 2.0 5.0 3.0 1.0 232 
 1.0 2.0 2.0 
 
 2.0 1.0 6.0 3.0 2.0 2.0 4.0 3.0 1.0 
 21 19 4 23 18 10 21 14 20 2 23 7 27 2 2 21 27 23 
 4 2 13 7 10 14 23 15 7 
 20 21 10 19 14 23 4 18 12 3 1 6 8 9 2 15 17 
 10 14 10 3 20 5 18 18 26 
 21 23 4 18 21 10 19 17 22 20 5 23 4 7 13 16 
 19 21 9 2 13 19 5 5 10 
 20 14 21 23 4 18 21 10 19 9 3 20 23 14 19 24 7 27 
 3 9 14 18 16 22 12 17 14 
 24 21 1 1 4 10 16 19 12 
 19 3 3 23 2 5 2 4 19 
 22 24 25 3 27 5 1 12 16 
 1 10 3 13 22 6 8 
 1.0 1.0 
 23 23 
 2 7 3 17 14 26 22 16 21 10 3 27 9 14 21 3 12 19 24 16 10 4 10 14 12 8 9 10 20 5 17 23 4 19 13 19 9 14 19 3 16 22 24 4 10 19 2 5 22 27 5 1 22 6 7 15 6 15 3 18 5 13 2 5 23 7 18 17 1 19 23 4 3 12 13 23 2 18 7 5 24 12 16 2 1 8 13 1 10 20 9 20 14 1 3 25 3 
 2.0 2.0 2.0 
 2 2 2 
 3.0 3.0 
 27 27 
 4.0 
 21 
 5.0 
 13 
 233 
 2 7 3 17 14 26 22 16 21 10 3 27 9 14 21 12 3 19 24 16 10 4 10 14 12 8 9 10 20 5 17 23 4 19 13 19 9 14 19 3 16 22 24 4 19 10 2 5 22 27 5 1 22 6 7 15 6 15 3 18 5 13 2 5 23 7 18 17 1 19 23 4 3 12 13 23 2 18 7 5 24 12 16 2 1 8 13 1 10 20 9 20 14 1 3 25 3 
 1.0 6.0 10.0 15.0 22.0 12.0 25.0 16.0 4.0 18.0 2.0 11.0 22.0 4.0 8.0 10.0 
 35 1.0 2.0 3.0 4.0 5.0 6.0 7.0 8.0 9.0 10.0 11.0 12.0 13.0 14.0 15.0 16.0 17.0 18.0 19.0 20.0 21.0 22.0 23.0 24.0 25.0 26.0 27.0 28.0 29.0 30.0 31.0 32.0 33.0 34.0 35.0 36.0 37.0 38.0 39.0 40.0 41.0 42.0 43.0 44.0 46.0 45.0 47.0 48.0 49.0 50.0 51.0 52.0 53.0 54.0 55.0 56.0 57.0 58.0 59.0 60.0 61.0 62.0 63.0 64.0 65.0 66.0 67.0 68.0 69.0 70.0 71.0 72.0 73.0 74.0 75.0 76.0 77.0 78.0 79.0 80.0 81.0 82.0 83.0 84.0 85.0 86.0 87.0 88.0 89.0 90.0 91.0 92.0 93.0 94.0 95.0 96.0 97.0 
 36 17 9 21 23 10 21 18 1 19 21 38 19 8 23 19 20 12 26 10 23 18 2 1 4 18 14 12 9 9 18 1 19 12 18 19 21 18 19 12 1 18 23 9 9 25 21 4 15 21 23 9 27 9 5 21 10 1 4 23 10 1 9 5 19 12 1 18 19 1 19 8 21 4 21 26 23 12 18 12 18 7 5 18 10 1 9 15 21 24 3 4.0 10 21 27 19 12 1 18 
 39 15.0 11.0 4.0 0.0 18.0 4.0 13.0 14.0 19.0 4.0 19.0 7.0 0.0 19.0 9.0 8.0 12.0 18.0 0.0 13.0 1.0 14.0 17.0 13.0 22.0 8.0 11.0 11.0 13.0 14.0 19.0 8.0 13.0 19.0 4.0 13.0 19.0 8.0 14.0 13.0 0.0 11.0 11.0 25.0 4.0 17.0 21.0 4.0 0.0 11.0 2.0 11.0 20.0 4.0 18.0 14.0 17.0 0.0 18.0 14.0 11.0 20.0 19.0 8.0 14.0 13.0 19.0 14.0 19.0 7.0 4.0 17.0 4.0 12.0 0.0 8.0 13.0 8.0 13.0 6.0 20.0 13.0 18.0 14.0 11.0 21.0 4.0 3.0 10.0 4.0 18.0 4.0 2.0 19.0 8.0 14.0 13.0 
 8.0 4.0 22.0 10.0 24.0 
 106 113 102 114 100 
 234 
 235 
 236 
 237 
 238 
 239 
 240 
 241 
 242 
 243 
 244 
 245 
 246 
 247 
 248 
 
 11 
 
 1 2 3 4 
 5 1 6 1 7 8 5 9 2 10 1 9 12 13 2 2 14 13 9 4 15 16 16 17 4 18 7 3 10 10 1 
 19 14 19 16 10 20 16 10 10 21 3 22 22 14 23 19 20 3 9 5 24 12 23 14 12 18 13 2 18 25 17 
 15 19 19 26 22 13 17 3 14 7 24 3 22 6 19 20 27 24 12 7 3 5 8 5 23 5 21 3 27 23 4 
 59 
 2.0 1.0 6.0 3.0 2.0 2.0 5.0 3.0 1.0 1.0 
 2.0 1.0 6.0 3.0 2.0 2.0 5.0 3.0 1.0 1.0 
 1 2 3 4 5 1 6 1 7 8 
 5 9 2 10 1 9 12 13 2 2 
 14 13 9 4 15 16 16 17 4 18 
 7 3 10 10 1 19 14 19 16 10 
 20 16 10 10 21 3 22 22 14 23 
 19 20 3 9 5 24 12 23 14 12 
 18 13 2 18 25 17 15 19 19 26 
 22 13 17 3 14 7 24 3 22 6 
 19 20 27 24 12 7 3 5 8 5 
 23 5 21 3 27 23 4 
 
 1.0 1.0 1.0 
 2 7 8 9 2 2 13 4 18 3 16 10 16 14 23 20 14 12 13 19 26 13 22 6 20 8 5 5 1 5 1 5 1 9 14 15 7 16 1 19 20 21 3 19 5 24 18 25 17 22 14 7 19 12 7 23 27 23 4 1 10 13 4 17 10 19 10 22 9 23 18 19 3 3 24 5 3 6 12 16 14 22 12 15 24 3 4 3 2 9 10 10 3 2 17 27 21 
 
 2.0 2.0 2.0 
 3.0 3.0 
 5.0 
 6.0 
 2.0 7.0 5.0 1.0 4.0 6.0 2.0 8.0 3.0 1.0 9 16 13 1 19 17 23 10 5 15 10 2 13 3 20 13 20 5 9 16 3 24 7 10 7 17 23 3 6 14 4 2 17 18 12 5 15 5 12 4 19 16 3 21 2 14 22 5 20 22 4 22 3 24 3 8 10 26 5 1 25 27 19 24 12 10 2 23 6 1 21 14 1 9 3 2 7 16 19 1 7 18 23 10 3 22 9 4 14 8 14 19 19 13 18 12 27 
 21 19 4 23 18 10 21 14 20 23 
 2 7 8 9 2 2 13 4 18 
 3 16 10 16 14 23 20 14 12 2.0 2.0 
 13 19 26 13 22 6 20 8 5 21 21 
 5 1 5 1 5 1 9 14 15 
 16 7 1 19 20 21 3 19 5 3.0 
 24 18 25 17 22 14 7 19 12 20 
 7 23 27 23 4 1 10 13 4 
 17 10 19 10 22 9 23 18 19 4.0 
 3 3 24 5 3 6 12 16 18 
 14 22 12 15 24 3 4 3 
 2 9 10 10 3 2 17 27 21 5.0 
 4 
 6.0 7.0 8.0 
 10 19 14 
 9 16 13 1 19 17 23 10 5 15 10 
 11.0 16.0 5.0 14.0 19.0 15.0 0.0 18.0 20.0 21.0 
 35 1.0 2.0 3.0 4.0 5.0 6.0 7.0 8.0 9.0 10.0 11.0 12.0 13.0 14.0 15.0 16.0 17.0 18.0 19.0 20.0 21.0 22.0 23.0 24.0 25.0 26.0 27.0 28.0 29.0 30.0 31.0 32.0 33.0 34.0 35.0 36.0 37.0 38.0 39.0 40.0 41.0 42.0 43.0 44.0 46.0 45.0 47.0 48.0 49.0 50.0 51.0 52.0 53.0 54.0 55.0 56.0 57.0 58.0 59.0 60.0 61.0 62.0 63.0 64.0 65.0 66.0 67.0 68.0 69.0 70.0 71.0 72.0 73.0 74.0 75.0 76.0 77.0 78.0 79.0 80.0 81.0 82.0 83.0 84.0 85.0 86.0 87.0 88.0 89.0 90.0 91.0 92.0 93.0 94.0 95.0 96.0 97.0 
 36 17 9 21 23 10 21 18 1 19 21 38 19 8 23 19 20 12 26 10 23 18 2 1 4 18 14 12 9 9 18 1 19 12 18 19 21 18 19 12 1 18 23 9 9 25 21 4 15 21 23 9 27 9 5 21 10 1 4 23 10 1 9 5 19 12 1 18 19 1 19 8 21 4 21 26 23 12 18 12 18 7 5 18 10 1 9 15 21 24 3 4.0 10 21 27 19 12 1 18 
 39 15.0 11.0 4.0 0.0 18.0 4.0 13.0 14.0 19.0 4.0 19.0 7.0 0.0 19.0 9.0 8.0 12.0 18.0 0.0 13.0 1.0 14.0 17.0 13.0 22.0 8.0 11.0 11.0 13.0 14.0 19.0 8.0 13.0 19.0 4.0 13.0 19.0 8.0 14.0 13.0 0.0 11.0 11.0 25.0 4.0 17.0 21.0 4.0 0.0 11.0 2.0 11.0 20.0 4.0 18.0 14.0 17.0 0.0 18.0 14.0 11.0 20.0 19.0 8.0 14.0 13.0 19.0 14.0 19.0 7.0 4.0 17.0 4.0 12.0 0.0 8.0 13.0 8.0 13.0 6.0 20.0 13.0 18.0 14.0 11.0 21.0 4.0 3.0 10.0 4.0 18.0 4.0 2.0 19.0 8.0 14.0 13.0 
 21.0 5.0 1.0 14.0 1.0 11.0 12.0 4.0 1.0 17.0 
 109 101 119 98 119 9 108 113 119 99 
 
 
 249 
 250 
 251 
 252 
 253 
 254 
 255 
 256 
 257 
 258 
 259 260 
 2.0 1.0 6.0 3.0 2.0 2.0 5.0 3.0 1.0 1.0 1.0 2.0 3.0 4.0 5.0 6.0 7.0 8.0 9.0 10.0 11.0 12.0 13.0 14.0 15.0 16.0 17.0 18.0 19.0 20.0 21.0 22.0 23.0 24.0 25.0 26.0 27.0 28.0 29.0 30.0 31.0 32.0 33.0 34.0 36.0 35.0 37.0 38.0 39.0 40.0 41.0 42.0 43.0 44.0 45.0 46.0 47.0 48.0 49.0 50.0 51.0 52.0 53.0 54.0 55.0 56.0 57.0 58.0 59.0 60.0 61.0 62.0 63.0 64.0 65.0 66.0 67.0 68.0 69.0 70.0 71.0 72.0 73.0 74.0 75.0 76.0 77.0 78.0 79.0 80.0 81.0 82.0 83.0 84.0 85.0 86.0 87.0 88.0 89.0 90.0 91.0 92.0 93.0 94.0 95.0 96.0 97.0 
 1 2 3 4 5 1 6 1 7 8 2 7 8 9 2 2 13 4 18 3 16 10 16 14 23 20 14 12 13 19 26 13 22 6 20 8 5 5 1 5 1 5 1 14 9 15 16 7 1 19 20 21 3 19 5 24 18 25 17 22 14 7 19 12 7 23 27 23 4 1 10 13 4 17 10 19 10 22 9 23 18 19 3 3 24 5 3 6 12 16 14 22 12 15 24 3 4 3 2 9 10 10 3 2 17 27 21 
 5 9 2 10 1 9 12 13 2 2 
 14 13 9 4 15 16 16 17 4 18 
 7 3 10 10 1 19 14 19 16 10 
 20 16 10 10 21 3 22 22 14 23 
 19 20 3 9 5 24 12 23 14 12 
 18 13 2 18 25 17 15 19 19 26 
 22 13 17 3 14 7 24 3 22 6 
 19 20 27 24 12 7 3 5 8 5 
 23 5 21 3 27 23 4 
 261 
 1.0 1.0 1.0 
 2.0 1.0 6.0 3.0 2.0 2.0 5.0 3.0 1.0 1.0 7 18 3 10 13 19 13 5 5 16 7 19 18 25 22 27 23 1 10 22 23 3 12 3 4 2 27 21 2 2 2 16 23 20 26 20 8 1 1 9 1 3 19 17 19 12 4 4 17 9 3 3 6 22 12 3 10 3 9 4 14 12 6 5 15 21 24 7 23 13 19 19 5 14 24 10 17 13 14 5 14 5 7 10 24 15 2 8 16 22 1 20 14 10 18 16 9 
 2 7 8 9 2 2 13 4 18 3 
 16 10 16 14 23 20 14 12 13 19 2.0 2.0 2.0 3.0 3.0 5.0 6.0 
 26 13 22 6 20 8 5 5 
 1 5 1 5 1 9 14 15 16 7 
 1 19 20 21 3 19 5 24 18 25 
 17 22 14 7 19 12 7 23 27 23 
 4 1 10 13 4 17 10 19 10 22 
 9 23 18 19 3 3 24 5 3 
 6 12 16 14 22 12 15 24 3 4 
 3 2 9 10 10 3 2 17 27 21 
 2.0 7.0 5.0 1.0 4.0 6.0 2.0 8.0 3.0 2.0 7.0 5.0 1.0 4.0 6.0 2.0 8.0 3.0 
 21 19 4 23 18 10 21 14 20 21 19 4 23 18 10 21 14 20 
 7 18 3 10 13 19 13 5 7 18 3 10 13 19 13 5 
 5 16 7 19 18 25 22 27 23 5 16 7 19 18 25 22 27 23 
 1 10 22 23 3 12 3 4 1 10 22 23 3 12 3 4 
 2 27 21 2 2 2 16 23 20 2 27 21 2 2 2 16 23 20 
 26 20 8 1 1 9 1 3 19 26 20 8 1 1 9 1 3 19 
 17 19 12 4 4 17 9 3 3 17 19 12 4 4 17 9 3 3 
 6 22 12 3 10 3 9 4 14 6 22 12 3 10 3 9 4 14 
 12 6 5 15 21 24 7 23 12 6 5 15 21 24 7 23 
 13 19 19 5 14 24 10 17 13 13 19 19 5 14 24 10 17 13 
 14 5 14 5 7 10 24 15 2 14 5 14 5 7 10 24 15 2 
 8 16 22 1 20 14 10 18 16 8 16 22 1 20 14 10 18 16 
 9 9 
 
 
 
 262 
 255 
 263 
 259 259 
 2.0 1.0 6.0 3.0 2.0 2.0 5.0 3.0 1.0 1.0 2.0 1.0 6.0 3.0 2.0 2.0 5.0 3.0 1.0 1.0 
 1 2 3 4 5 1 6 1 7 8 1 2 3 4 5 1 6 1 7 8 
 5 9 2 10 1 9 12 13 2 2 5 9 2 10 1 9 21 13 2 2 
 14 13 9 4 15 16 16 17 4 18 14 13 9 4 15 16 16 17 4 18 
 7 3 10 10 1 19 14 19 16 10 7 3 10 10 1 19 14 19 16 10 
 20 16 10 10 21 3 22 22 14 23 20 16 10 10 21 3 22 22 14 23 
 19 20 3 9 5 24 12 23 14 12 19 20 3 9 5 24 21 23 14 21 
 18 13 2 18 25 17 15 19 19 26 18 13 2 18 25 17 15 19 19 26 
 22 13 17 3 14 7 24 3 22 6 22 13 17 3 14 7 24 3 22 6 
 19 20 27 24 12 7 3 5 8 5 19 20 27 24 21 7 3 5 8 5 
 23 5 21 3 27 23 4 23 5 21 3 27 23 4 1 18 
 1.0 2.0 3.0 4.0 5.0 6.0 7.0 8.0 9.0 10.0 11.0 12.0 13.0 14.0 15.0 16.0 17.0 18.0 19.0 20.0 21.0 22.0 23.0 24.0 25.0 26.0 27.0 28.0 29.0 30.0 31.0 32.0 33.0 35.0 34.0 36.0 37.0 38.0 39.0 40.0 41.0 42.0 43.0 44.0 45.0 46.0 47.0 48.0 49.0 50.0 51.0 52.0 53.0 54.0 55.0 56.0 57.0 58.0 59.0 60.0 61.0 62.0 63.0 64.0 65.0 66.0 67.0 68.0 69.0 70.0 71.0 72.0 73.0 74.0 75.0 76.0 77.0 78.0 79.0 80.0 81.0 82.0 83.0 84.0 85.0 86.0 87.0 88.0 89.0 90.0 91.0 92.0 93.0 94.0 95.0 96.0 97.0 
 2 7 8 9 2 2 13 4 18 3 16 10 16 14 23 20 14 21 13 19 26 13 22 6 20 8 5 5 1 18 1 5 1 5 9 1 14 15 16 7 1 19 20 21 3 19 5 24 18 25 17 22 14 7 19 21 7 23 27 23 4 1 10 13 4 17 10 19 10 22 9 23 18 19 3 3 24 5 3 6 21 16 14 22 21 15 24 3 4 3 2 9 10 10 3 2 17 27 21 
 264 
 265 
 259 
 2.0 1.0 6.0 3.0 2.0 2.0 5.0 3.0 1.0 1.0 1.0 2.0 3.0 4.0 5.0 6.0 7.0 8.0 9.0 10.0 11.0 12.0 13.0 14.0 15.0 16.0 17.0 18.0 19.0 20.0 21.0 22.0 23.0 24.0 25.0 26.0 27.0 28.0 29.0 30.0 31.0 32.0 33.0 34.0 36.0 35.0 37.0 38.0 39.0 40.0 41.0 42.0 43.0 44.0 45.0 46.0 47.0 48.0 49.0 50.0 51.0 52.0 53.0 54.0 55.0 56.0 57.0 58.0 59.0 60.0 61.0 62.0 63.0 64.0 65.0 66.0 67.0 68.0 69.0 70.0 71.0 72.0 73.0 74.0 75.0 76.0 77.0 78.0 79.0 80.0 81.0 82.0 83.0 84.0 85.0 86.0 87.0 88.0 89.0 90.0 91.0 92.0 93.0 94.0 95.0 96.0 97.0 
 2 7 8 9 2 2 13 4 18 3 7 18 3 10 13 19 13 1 18 5 16 7 19 18 25 22 27 23 1 10 22 23 3 21 3 4 2 27 21 2 2 2 16 23 26 20 20 8 1 1 9 1 3 19 17 19 21 4 4 17 9 3 3 6 22 21 3 10 3 9 4 14 21 6 5 5 15 21 24 7 23 13 19 19 5 14 24 10 17 13 14 5 14 5 7 10 24 15 2 8 16 22 1 20 14 10 18 16 9 
 16 10 16 14 23 20 14 21 13 19 
 26 13 22 6 20 8 5 5 1 18 
 1 5 1 5 1 9 14 15 16 7 
 1 19 20 21 3 19 5 24 18 25 
 17 22 14 7 19 21 7 23 27 23 
 4 1 10 13 4 17 10 19 10 22 
 9 23 18 19 3 3 24 5 3 
 6 21 16 14 22 21 15 24 3 4 
 3 2 9 10 10 3 2 17 27 21 
 64.0 65.0 66.0 67.0 68.0 69.0 70.0 71.0 72.0 73.0 74.0 
 266 
 
 252 
 253 
 
 2.0 7.0 5.0 1.0 4.0 6.0 2.0 8.0 3.0 
 21 19 4 23 18 10 21 14 20 
 7 18 3 10 13 19 13 5 18 
 5 16 7 19 18 25 22 27 23 
 5 10 22 23 3 21 3 4 
 2 27 21 2 2 2 16 23 20 
 26 20 8 5 5 9 5 3 19 
 17 19 21 4 4 17 9 3 3 
 6 22 21 3 10 3 9 4 14 
 21 6 5 5 15 21 24 7 23 
 13 19 19 5 14 24 10 17 13 
 14 5 14 5 7 10 24 15 2 
 8 16 22 5 20 14 10 18 16 
 9 
 
 
 
 
 
 11 
 
 1 2 3 4 
 5 1 6 1 7 8 5 9 2 10 1 9 12 13 2 2 14 13 9 4 15 16 16 17 4 18 7 3 10 10 1 
 19 14 19 16 10 20 16 10 10 21 3 22 22 14 23 19 20 3 9 5 24 12 23 14 12 18 13 2 18 25 17 
 15 19 19 26 22 13 17 3 14 7 24 3 22 6 19 20 27 24 12 7 3 5 8 5 23 5 21 3 27 23 4 
 
 
 
 
 
 
 267 
 2.0 1.0 6.0 1.0 2.0 2.0 2.0 5.0 3.0 1.0 1.0 2 4 8 5 2 1 14 13 4 16 3 10 1 14 10 10 3 22 9 5 12 14 25 17 19 26 7 24 22 19 3 5 5 5 1 5 1 6 9 9 12 13 9 16 17 4 10 19 16 10 21 14 23 19 24 12 18 13 15 22 13 17 3 20 27 24 8 21 3 27 7 2 7 16 3 18 14 7 4 1 2 18 20 20 2 3 12 23 3 10 15 19 22 23 19 6 23 
 1 2 3 4 5 1 6 1 7 8 5 
 9 2 10 1 9 12 13 2 2 14 13 
 9 4 15 16 16 17 4 18 7 3 10 
 10 1 19 14 19 16 10 20 16 10 10 
 21 3 22 22 14 23 19 20 3 9 5 
 24 12 23 14 12 18 13 2 18 25 17 
 15 19 19 26 22 13 17 3 14 7 24 
 3 22 6 19 20 27 24 12 7 3 5 
 8 5 23 5 21 3 27 23 4 
 
 262 
 255 
 4 5 16 3 1 10 12 14 17 26 5 5 1 1 12 13 16 4 14 23 24 18 3 20 24 21 16 3 14 4 2 3 23 6 10 23 2 2 1 14 10 10 3 22 25 7 24 22 5 5 1 6 9 10 19 16 19 13 15 22 27 3 27 7 18 1 2 18 12 15 19 22 4 5 3 9 21 17 7 20 19 13 9 19 9 10 13 2 20 23 8 14 19 18 17 12 8 7 3 
 2.0 1.0 6.0 1.0 2.0 2.0 2.0 5.0 3.0 1.0 1.0 
 2 4 8 5 2 1 14 13 4 16 3 
 10 1 14 10 10 3 22 9 5 21 14 
 25 17 19 26 7 24 22 19 3 5 5 
 5 1 5 1 6 9 9 21 13 
 9 16 17 4 10 19 16 10 21 14 23 
 19 24 21 18 13 15 22 13 17 3 20 
 27 24 8 21 3 27 7 2 7 16 3 
 18 14 7 4 1 2 18 20 20 2 3 
 21 23 3 10 15 19 22 23 19 6 23 
 
 
 266 
 
 252 
 253 
 
 2.0 7.0 5.0 1.0 4.0 6.0 2.0 8.0 3.0 
 21 19 4 23 18 10 21 14 20 1.0 2.0 3.0 4.0 5.0 6.0 7.0 8.0 9.0 10.0 11.0 12.0 13.0 14.0 15.0 16.0 17.0 18.0 19.0 20.0 21.0 22.0 23.0 24.0 26.0 25.0 27.0 28.0 29.0 30.0 31.0 32.0 33.0 34.0 35.0 36.0 37.0 38.0 39.0 40.0 41.0 42.0 43.0 44.0 45.0 46.0 47.0 48.0 49.0 50.0 51.0 52.0 53.0 54.0 55.0 56.0 57.0 58.0 59.0 60.0 61.0 62.0 63.0 64.0 65.0 66.0 67.0 68.0 69.0 70.0 71.0 72.0 73.0 74.0 75.0 76.0 77.0 78.0 79.0 80.0 81.0 82.0 83.0 84.0 85.0 86.0 87.0 88.0 89.0 90.0 91.0 92.0 93.0 94.0 95.0 96.0 97.0 
 4 5 16 3 1 10 12 14 17 3 1 18 2 14 5 13 2 9 9 18 4 12 26 13 14 24 3 10 2 3 7 6 19 7 27 15 4 7 13 2 8 8 17 4 16 23 25 10 27 22 19 23 3 1 1 3 3 10 5 15 18 21 10 17 16 5 24 4 1 22 19 1 3 19 19 10 12 20 23 10 1 22 12 17 13 12 5 5 23 14 2 24 16 18 5 9 14 14 16 21 6 22 9 3 19 20 20 7 
 26 5 5 1 1 12 13 16 4 
 14 23 24 18 3 20 24 21 16 
 3 14 4 2 3 23 10 6 23 
 2 2 1 14 10 10 3 22 25 
 7 24 22 5 5 1 6 9 10 
 19 16 19 13 15 22 27 3 27 
 7 18 1 2 18 12 15 19 22 
 4 5 3 9 21 17 7 20 19 
 13 9 19 9 10 13 2 20 23 
 8 14 19 18 17 12 8 7 3 
 
 
 
 
 
 
 
 
 
 
 3 1 18 2 14 5 13 2 9 9 18 
 10.0 14.0 13.0 1.0 22.0 20.0 5.0 1.0 11.0 11.0 13.0 64.0 65.0 66.0 67.0 68.0 69.0 70.0 71.0 72.0 73.0 74.0 
 10 19 23 2 5 4 3 5 5 5 5 3 19 19 10 12 20 23 10 1 22 12 
 18.0 19.0 0.0 1.0 20.0 17.0 10.0 20.0 20.0 20.0 20.0 10.0 19.0 19.0 18.0 8.0 9.0 0.0 18.0 14.0 25.0 8.0 
 35 1.0 2.0 3.0 4.0 5.0 6.0 7.0 8.0 9.0 10.0 11.0 12.0 13.0 14.0 15.0 16.0 17.0 18.0 19.0 20.0 21.0 22.0 23.0 24.0 25.0 26.0 27.0 28.0 29.0 30.0 31.0 32.0 33.0 34.0 35.0 36.0 37.0 38.0 39.0 40.0 41.0 42.0 43.0 44.0 46.0 45.0 47.0 48.0 49.0 50.0 51.0 52.0 53.0 54.0 55.0 56.0 57.0 58.0 59.0 60.0 61.0 62.0 63.0 64.0 65.0 66.0 67.0 68.0 69.0 70.0 71.0 72.0 73.0 74.0 75.0 76.0 77.0 78.0 79.0 80.0 81.0 82.0 83.0 84.0 85.0 86.0 87.0 88.0 89.0 90.0 91.0 92.0 93.0 94.0 95.0 96.0 97.0 
 36 17 9 21 23 10 21 18 1 19 21 38 19 8 23 19 20 12 26 10 23 18 2 1 4 18 14 12 9 9 18 1 19 12 18 19 21 18 19 12 1 18 23 9 9 25 21 4 15 21 23 9 27 9 5 21 10 1 4 23 10 1 9 5 19 12 1 18 19 1 19 8 21 4 21 26 23 12 18 12 18 7 5 18 10 1 9 15 21 24 3 4.0 10 21 27 19 12 1 18 
 39 15.0 11.0 4.0 0.0 18.0 4.0 13.0 14.0 19.0 4.0 19.0 7.0 0.0 19.0 9.0 8.0 12.0 18.0 0.0 13.0 1.0 14.0 17.0 13.0 22.0 8.0 11.0 11.0 13.0 14.0 19.0 8.0 13.0 19.0 4.0 13.0 19.0 8.0 14.0 13.0 0.0 11.0 11.0 25.0 4.0 17.0 21.0 4.0 0.0 11.0 2.0 11.0 20.0 4.0 18.0 14.0 17.0 0.0 18.0 14.0 11.0 20.0 19.0 8.0 14.0 13.0 19.0 14.0 19.0 7.0 4.0 17.0 4.0 12.0 0.0 8.0 13.0 8.0 13.0 6.0 20.0 13.0 18.0 14.0 11.0 21.0 4.0 3.0 10.0 4.0 18.0 4.0 2.0 19.0 8.0 14.0 13.0 
 3.0 8.0 21.0 1.0 2.0 13.0 22.0 6.0 1.0 16.0 1.0 2.0 5.0 6.0 24.0 19.0 15.0 18.0 14.0 22.0 21.0 21.0 
 121 106 109 119 104 103 102 96 119 111 119 104 101 96 100 116 115 107 98 102 109 109 
 
 121 106 99 113 104 116 106 98 103 107 38 
 20.0 3.0 9.0 1.0 4.0 16.0 17.0 12.0 17.0 7.0 19.0 
 105 121 120 119 113 111 99 108 99 118 116 
 9.0 
 120 
 
 
 268 
 269 
 11 
 
 1 2 3 4 
 5 1 6 1 7 8 5 9 2 10 1 9 12 13 2 2 14 13 9 4 15 16 16 17 4 18 7 3 10 10 1 
 19 14 19 16 10 20 16 10 10 21 3 22 22 14 23 19 20 3 9 5 24 12 23 14 12 18 13 2 18 25 17 
 15 19 19 26 22 13 17 3 14 7 24 3 22 6 19 20 27 24 12 7 3 5 8 5 23 5 21 3 27 23 4 
 252 
 253 
 21 19 4 23 18 10 21 14 20 
 2.0 7.0 5.0 1.0 4.0 6.0 2.0 8.0 3.0 
 1.0 1 2 3 4 5 1 6 1 7 
 2.0 8 5 9 2 10 1 9 12 13 
 3.0 2 2 14 13 9 4 15 16 16 
 4.0 17 4 18 7 3 10 10 1 19 
 5.0 14 19 16 10 20 16 10 10 21 
 6.0 3 22 22 14 23 19 20 3 9 
 7.0 5 24 12 23 14 12 18 13 2 
 8.0 18 25 17 15 19 19 26 22 13 
 9.0 17 3 14 7 24 3 22 6 19 
 10.0 20 27 24 12 7 3 5 8 5 
 11.0 23 5 21 3 27 23 4 
 1.0 2.0 3.0 4.0 5.0 6.0 7.0 8.0 9.0 10.0 11.0 1.0 2.0 3.0 4.0 5.0 6.0 7.0 8.0 9.0 10.0 11.0 1.0 2.0 3.0 4.0 5.0 6.0 7.0 8.0 9.0 10.0 11.0 1.0 2.0 3.0 4.0 6.0 5.0 7.0 8.0 9.0 10.0 11.0 1.0 2.0 3.0 4.0 5.0 6.0 7.0 8.0 9.0 10.0 11.0 1.0 2.0 3.0 4.0 5.0 6.0 7.0 8.0 9.0 10.0 11.0 1.0 2.0 3.0 4.0 5.0 6.0 7.0 8.0 9.0 10.0 11.0 1.0 2.0 3.0 4.0 5.0 6.0 7.0 8.0 9.0 10.0 11.0 1.0 2.0 3.0 4.0 5.0 6.0 7.0 8.0 9.0 10.0 11.0 
 4 2 13 7 10 14 23 15 7 12 3 1 6 8 9 2 15 17 10 14 10 3 20 5 18 18 26 17 22 20 5 23 4 7 13 16 19 9 21 2 13 19 5 5 10 9 3 20 23 14 19 24 7 27 3 9 14 18 16 22 12 17 14 24 21 1 1 4 10 16 19 12 19 3 3 23 2 5 2 4 19 22 24 25 3 27 5 1 12 16 1 10 3 13 22 6 8 
 270 
 262 
 255 
 2.0 1.0 6.0 1.0 3.0 2.0 5.0 3.0 1.0 1.0 2.0 6.0 2.0 2.0 2.0 5.0 3.0 1.0 1.0 1.0 1.0 
 4 2 13 7 10 14 23 15 7 12 3 4 13 10 14 23 15 7 2 7 12 3 
 1 6 8 9 2 15 17 10 14 10 3 1 8 2 15 17 10 14 6 9 10 3 
 20 5 18 18 26 17 22 20 5 23 4 20 18 26 17 22 20 5 5 18 23 4 
 7 13 16 19 21 9 2 13 19 5 5 7 16 21 9 2 13 19 13 19 5 5 
 10 9 3 20 23 14 19 24 7 27 3 10 3 23 14 19 24 7 9 20 27 3 
 9 14 18 16 22 12 17 14 24 21 1 9 18 22 12 17 14 24 14 16 21 1 
 1 4 10 16 19 12 19 3 3 23 2 1 10 19 12 19 3 3 4 16 23 2 
 5 2 4 19 22 24 25 3 27 5 1 5 4 22 24 25 3 27 2 19 5 1 
 12 16 1 10 3 13 22 6 8 1 18 12 1 3 13 22 6 8 16 10 1 18 
 
 2 7 7 12 6 9 14 10 
 1.0 6.0 6.0 8.0 23.0 11.0 22.0 18.0 
 2 6 1 13 9 14 
 1.0 23.0 14.0 5.0 11.0 22.0 
 2 7 12 3 6 9 10 3 
 1.0 6.0 8.0 10.0 23.0 11.0 18.0 10.0 
 35 1.0 2.0 3.0 4.0 5.0 6.0 7.0 8.0 9.0 10.0 11.0 12.0 13.0 14.0 15.0 16.0 17.0 18.0 19.0 20.0 21.0 22.0 23.0 24.0 25.0 26.0 27.0 28.0 29.0 30.0 31.0 32.0 33.0 34.0 35.0 36.0 37.0 38.0 39.0 40.0 41.0 42.0 43.0 44.0 46.0 45.0 47.0 48.0 49.0 50.0 51.0 52.0 53.0 54.0 55.0 56.0 57.0 58.0 59.0 60.0 61.0 62.0 63.0 64.0 65.0 66.0 67.0 68.0 69.0 70.0 71.0 72.0 73.0 74.0 75.0 76.0 77.0 78.0 79.0 80.0 81.0 82.0 83.0 84.0 85.0 86.0 87.0 88.0 89.0 90.0 91.0 92.0 93.0 94.0 95.0 96.0 97.0 
 36 17 9 21 23 10 21 18 1 19 21 38 19 8 23 19 20 12 26 10 23 18 2 1 4 18 14 12 9 9 18 1 19 12 18 19 21 18 19 12 1 18 23 9 9 25 21 4 15 21 23 9 27 9 5 21 10 1 4 23 10 1 9 5 19 12 1 18 19 1 19 8 21 4 21 26 23 12 18 12 18 7 5 18 10 1 9 15 21 24 3 4.0 10 21 27 19 12 1 18 
 39 15.0 11.0 4.0 0.0 18.0 4.0 13.0 14.0 19.0 4.0 19.0 7.0 0.0 19.0 9.0 8.0 12.0 18.0 0.0 13.0 1.0 14.0 17.0 13.0 22.0 8.0 11.0 11.0 13.0 14.0 19.0 8.0 13.0 19.0 4.0 13.0 19.0 8.0 14.0 13.0 0.0 11.0 11.0 25.0 4.0 17.0 21.0 4.0 0.0 11.0 2.0 11.0 20.0 4.0 18.0 14.0 17.0 0.0 18.0 14.0 11.0 20.0 19.0 8.0 14.0 13.0 19.0 14.0 19.0 7.0 4.0 17.0 4.0 12.0 0.0 8.0 13.0 8.0 13.0 6.0 20.0 13.0 18.0 14.0 11.0 21.0 4.0 3.0 10.0 4.0 18.0 4.0 2.0 19.0 8.0 14.0 13.0 
 11.0 20.0 4.0 10.0 5.0 7.0 5.0 21.0 
 97 105 113 114 101 118 101 109 
 11.0 12.0 10.0 5.0 18.0 18.0 
 97 108 114 101 107 107 
 11.0 20.0 2.0 8.0 5.0 7.0 9.0 4.0 
 97 105 104 106 101 118 120 113 
 2.0 1.0 6.0 1.0 3.0 2.0 5.0 3.0 1.0 1.0 
 4 2 13 7 10 14 23 15 7 12 
 3 1 6 8 9 2 15 17 10 14 
 10 3 20 5 18 18 26 17 22 20 
 5 23 4 7 13 16 19 21 9 2 
 13 19 5 5 10 9 3 20 23 14 
 19 24 7 27 3 9 14 18 16 22 
 12 17 14 24 21 1 1 4 10 16 
 19 12 19 3 3 23 2 5 2 4 
 19 22 24 25 3 27 5 1 12 16 
 1 10 3 13 22 6 8 1 18 
 2 7 7 12 1 8 10 14 3 20 22 20 
 1.0 6.0 6.0 8.0 14.0 7.0 18.0 22.0 10.0 9.0 25.0 9.0 
 35 1.0 2.0 3.0 4.0 5.0 6.0 7.0 8.0 9.0 10.0 11.0 12.0 13.0 14.0 15.0 16.0 17.0 18.0 19.0 20.0 21.0 22.0 23.0 24.0 25.0 26.0 27.0 28.0 29.0 30.0 31.0 32.0 33.0 34.0 35.0 36.0 37.0 38.0 39.0 40.0 41.0 42.0 43.0 44.0 46.0 45.0 47.0 48.0 49.0 50.0 51.0 52.0 53.0 54.0 55.0 56.0 57.0 58.0 59.0 60.0 61.0 62.0 63.0 64.0 65.0 66.0 67.0 68.0 69.0 70.0 71.0 72.0 73.0 74.0 75.0 76.0 77.0 78.0 79.0 80.0 81.0 82.0 83.0 84.0 85.0 86.0 87.0 88.0 89.0 90.0 91.0 92.0 93.0 94.0 95.0 96.0 97.0 
 36 17 9 21 23 10 21 18 1 19 21 38 19 8 23 19 20 12 26 10 23 18 2 1 4 18 14 12 9 9 18 1 19 12 18 19 21 18 19 12 1 18 23 9 9 25 21 4 15 21 23 9 27 9 5 21 10 1 4 23 10 1 9 5 19 12 1 18 19 1 19 8 21 4 21 26 23 12 18 12 18 7 5 18 10 1 9 15 21 24 3 4.0 10 21 27 19 12 1 18 
 39 15.0 11.0 4.0 0.0 18.0 4.0 13.0 14.0 19.0 4.0 19.0 7.0 0.0 19.0 9.0 8.0 12.0 18.0 0.0 13.0 1.0 14.0 17.0 13.0 22.0 8.0 11.0 11.0 13.0 14.0 19.0 8.0 13.0 19.0 4.0 13.0 19.0 8.0 14.0 13.0 0.0 11.0 11.0 25.0 4.0 17.0 21.0 4.0 0.0 11.0 2.0 11.0 20.0 4.0 18.0 14.0 17.0 0.0 18.0 14.0 11.0 20.0 19.0 8.0 14.0 13.0 19.0 14.0 19.0 7.0 4.0 17.0 4.0 12.0 0.0 8.0 13.0 8.0 13.0 6.0 20.0 13.0 18.0 14.0 11.0 21.0 4.0 3.0 10.0 4.0 18.0 4.0 2.0 19.0 8.0 14.0 13.0 
 11.0 20.0 2.0 8.0 21.0 3.0 5.0 8.0 16.0 5.0 6.0 2.0 
 97 105 104 106 109 121 101 118 111 101 96 104 
 
 
 
 
 271 
 272 
 252 
 253 
 2.0 7.0 5.0 1.0 4.0 6.0 2.0 8.0 3.0 2.0 7.0 5.0 1.0 4.0 6.0 2.0 8.0 3.0 
 21 19 4 23 18 10 21 14 20 21 19 4 23 18 10 21 14 20 21 19 4 23 18 10 21 14 20 
 2.0 7.0 5.0 1.0 4.0 6.0 2.0 8.0 3.0 2.0 7.0 5.0 1.0 4.0 6.0 2.0 8.0 3.0 
 1.0 1 2 3 4 5 1 6 1 7 1.0 5 2 3 4 5 5 6 5 7 1.0 
 2.0 8 5 9 2 10 1 9 12 13 2.0 8 5 9 2 10 5 9 8 13 2.0 
 3.0 2 2 14 13 9 4 15 16 16 3.0 2 2 14 13 9 4 15 16 16 3.0 4 2 13 7 10 14 23 15 7 8 3 5 6 9 8 2 15 17 10 14 10 3 20 5 18 18 26 17 22 20 5 23 4 7 13 16 19 21 9 2 13 19 5 5 10 9 3 20 23 14 19 24 7 27 3 9 14 18 16 22 8 17 14 24 21 5 5 4 10 16 19 8 19 3 3 23 2 5 2 4 19 22 24 25 3 27 5 5 8 16 5 10 3 13 22 6 8 8 
 4.0 17 4 18 7 3 10 10 1 19 4.0 17 4 18 7 3 10 10 5 19 4.0 
 5.0 14 19 16 10 20 16 10 10 21 5.0 14 19 16 10 20 16 10 10 21 5.0 
 6.0 3 22 22 14 23 19 20 3 9 6.0 3 22 22 14 23 19 20 3 9 6.0 
 7.0 5 24 12 23 14 12 18 13 2 7.0 5 24 8 23 14 8 18 13 2 7.0 
 8.0 18 25 17 15 19 19 26 22 13 8.0 18 25 17 15 19 19 26 22 13 8.0 
 9.0 17 3 14 7 24 3 22 6 19 9.0 17 3 14 7 24 3 22 6 19 9.0 
 10.0 20 27 24 12 7 3 5 8 5 10.0 20 27 24 8 7 3 5 8 5 10.0 
 11.0 23 5 21 3 27 23 4 11.0 23 5 21 3 27 23 4 8 11.0 
 273 
 4 2 13 7 10 14 23 15 7 8 3 5 6 8 9 2 15 17 10 14 10 3 20 5 18 18 26 17 22 20 5 23 4 7 13 16 19 21 9 2 13 19 5 10 5 9 3 20 23 14 19 24 7 27 3 9 14 18 16 22 8 17 14 24 21 5 5 4 10 16 19 8 19 3 3 23 2 5 2 4 19 22 24 25 3 27 5 5 8 16 5 10 3 13 22 6 8 8 
 17.0 1.0 5.0 6.0 18.0 22.0 0.0 21.0 6.0 7.0 10.0 20.0 23.0 7.0 11.0 1.0 21.0 15.0 18.0 22.0 18.0 10.0 9.0 20.0 13.0 13.0 12.0 15.0 25.0 9.0 20.0 0.0 17.0 6.0 5.0 16.0 19.0 4.0 11.0 1.0 5.0 19.0 20.0 18.0 20.0 11.0 10.0 9.0 0.0 22.0 19.0 3.0 6.0 2.0 10.0 11.0 22.0 13.0 16.0 25.0 7.0 15.0 22.0 3.0 4.0 20.0 20.0 17.0 18.0 16.0 19.0 7.0 19.0 10.0 10.0 0.0 1.0 20.0 1.0 17.0 19.0 25.0 3.0 24.0 10.0 2.0 20.0 20.0 7.0 16.0 20.0 18.0 10.0 5.0 25.0 23.0 7.0 7.0 
 35 1.0 2.0 3.0 4.0 5.0 6.0 7.0 8.0 9.0 10.0 11.0 12.0 13.0 14.0 15.0 16.0 17.0 18.0 19.0 20.0 21.0 22.0 23.0 24.0 25.0 26.0 27.0 28.0 29.0 30.0 31.0 32.0 33.0 34.0 35.0 36.0 37.0 38.0 39.0 40.0 41.0 42.0 43.0 44.0 46.0 45.0 47.0 48.0 49.0 50.0 51.0 52.0 53.0 54.0 55.0 56.0 57.0 58.0 59.0 60.0 61.0 62.0 63.0 64.0 65.0 66.0 67.0 68.0 69.0 70.0 71.0 72.0 73.0 74.0 75.0 76.0 77.0 78.0 79.0 80.0 81.0 82.0 83.0 84.0 85.0 86.0 87.0 88.0 89.0 90.0 91.0 92.0 93.0 94.0 95.0 96.0 97.0 
 36 17 9 21 23 10 21 18 1 19 21 38 19 8 23 19 20 12 26 10 23 18 2 1 4 18 14 12 9 9 18 1 19 12 18 19 21 18 19 12 1 18 23 9 9 25 21 4 15 21 23 9 27 9 5 21 10 1 4 23 10 1 9 5 19 12 1 18 19 1 19 8 21 4 21 26 23 12 18 12 18 7 5 18 10 1 9 15 21 24 3 4.0 10 21 27 19 12 1 18 
 39 15.0 11.0 4.0 0.0 18.0 4.0 13.0 14.0 19.0 4.0 19.0 7.0 0.0 19.0 9.0 8.0 12.0 18.0 0.0 13.0 1.0 14.0 17.0 13.0 22.0 8.0 11.0 11.0 13.0 14.0 19.0 8.0 13.0 19.0 4.0 13.0 19.0 8.0 14.0 13.0 0.0 11.0 11.0 25.0 4.0 17.0 21.0 4.0 0.0 11.0 2.0 11.0 20.0 4.0 18.0 14.0 17.0 0.0 18.0 14.0 11.0 20.0 19.0 8.0 14.0 13.0 19.0 14.0 19.0 7.0 4.0 17.0 4.0 12.0 0.0 8.0 13.0 8.0 13.0 6.0 20.0 13.0 18.0 14.0 11.0 21.0 4.0 3.0 10.0 4.0 18.0 4.0 2.0 19.0 8.0 14.0 13.0 
 2.0 -10.0 1.0 6.0 0.0 18.0 -13.0 7.0 -13.0 3.0 -9.0 13.0 23.0 -12.0 2.0 -7.0 9.0 -3.0 18.0 9.0 17.0 -4.0 -8.0 7.0 -9.0 5.0 1.0 4.0 12.0 -5.0 1.0 -8.0 4.0 -13.0 1.0 3.0 0.0 -4.0 -3.0 -12.0 5.0 8.0 9.0 25.0 14.0 3.0 -10.0 6.0 9.0 -11.0 20.0 8.0 -17.0 2.0 -16.0 -4.0 -6.0 22.0 -5.0 2.0 14.0 -13.0 -4.0 14.0 -11.0 -9.0 1.0 6.0 -2.0 11.0 12.0 2.0 3.0 7.0 10.0 2.0 -13.0 -7.0 7.0 -5.0 -3.0 6.0 7.0 -11.0 13.0 -11.0 -2.0 17.0 10.0 3.0 -2.0 16.0 16.0 -9.0 -3.0 11.0 10.0 7.0 7.0 
 27 15.0 2 7 23 10 12.0 8 24.0 24 16.0 18 6 13.0 27 18.0 20 22.0 10 20 4 21.0 17.0 8 16.0 13 2 21 26 20.0 2 17.0 21 12.0 2 24 23 21.0 22.0 13.0 13 12 20 22 1 24 15.0 7 20 14.0 5 8 8.0 27 9.0 21.0 19.0 14 20.0 27 1 12.0 21.0 1 14.0 16.0 2 7 23.0 9 26 27 24 8 3 27 12.0 18.0 8 20.0 22.0 7 8 14.0 18 14.0 23.0 4 3 24 23.0 16 16 16.0 22.0 9 3 8 8 
 17 26 25 16 18 10 14 15 4 16 5 4 26 15 14 18 17 1 12 20 15 19 5 26 15 1 16 6 26 10 5 14 1 1 6 6 16 14 
 35 1.0 2.0 3.0 4.0 5.0 6.0 7.0 8.0 9.0 10.0 11.0 12.0 13.0 14.0 15.0 16.0 17.0 18.0 19.0 20.0 21.0 22.0 23.0 24.0 25.0 26.0 27.0 28.0 29.0 30.0 31.0 32.0 33.0 34.0 35.0 36.0 37.0 38.0 39.0 40.0 41.0 42.0 43.0 44.0 46.0 45.0 47.0 48.0 49.0 50.0 51.0 52.0 53.0 54.0 55.0 56.0 57.0 58.0 59.0 60.0 61.0 62.0 63.0 64.0 65.0 66.0 67.0 68.0 69.0 70.0 71.0 72.0 73.0 74.0 75.0 76.0 77.0 78.0 79.0 80.0 81.0 82.0 83.0 84.0 85.0 86.0 87.0 88.0 89.0 90.0 91.0 92.0 93.0 94.0 95.0 96.0 97.0 
 36 17 9 21 23 10 21 18 1 19 21 38 19 8 23 19 20 12 26 10 23 18 2 1 4 18 14 12 9 9 18 1 19 12 18 19 21 18 19 12 1 18 23 9 9 25 21 4 15 21 23 9 27 9 5 21 10 1 4 23 10 1 9 5 19 12 1 18 19 1 19 8 21 4 21 26 23 12 18 12 18 7 5 18 10 1 9 15 21 24 3 4.0 10 21 27 19 12 1 18 
 39 15.0 11.0 4.0 0.0 18.0 4.0 13.0 14.0 19.0 4.0 19.0 7.0 0.0 19.0 9.0 8.0 12.0 18.0 0.0 13.0 1.0 14.0 17.0 13.0 22.0 8.0 11.0 11.0 13.0 14.0 19.0 8.0 13.0 19.0 4.0 13.0 19.0 8.0 14.0 13.0 0.0 11.0 11.0 25.0 4.0 17.0 21.0 4.0 0.0 11.0 2.0 11.0 20.0 4.0 18.0 14.0 17.0 0.0 18.0 14.0 11.0 20.0 19.0 8.0 14.0 13.0 19.0 14.0 19.0 7.0 4.0 17.0 4.0 12.0 0.0 8.0 13.0 8.0 13.0 6.0 20.0 13.0 18.0 14.0 11.0 21.0 4.0 3.0 10.0 4.0 18.0 4.0 2.0 19.0 8.0 14.0 13.0 
 2.0 -10.0 1.0 6.0 0.0 18.0 -13.0 7.0 -13.0 3.0 -9.0 13.0 23.0 -12.0 2.0 -7.0 9.0 -3.0 18.0 9.0 17.0 -4.0 -8.0 7.0 -9.0 5.0 1.0 4.0 12.0 -5.0 1.0 -8.0 4.0 -13.0 1.0 3.0 0.0 -4.0 -3.0 -12.0 5.0 8.0 9.0 25.0 14.0 3.0 -10.0 6.0 9.0 -11.0 20.0 8.0 -17.0 2.0 -16.0 -4.0 -6.0 22.0 -5.0 2.0 14.0 -13.0 -4.0 14.0 -11.0 -9.0 1.0 6.0 -2.0 11.0 12.0 2.0 3.0 7.0 10.0 2.0 -13.0 -7.0 7.0 -5.0 -3.0 6.0 7.0 -11.0 13.0 -11.0 -2.0 17.0 10.0 3.0 -2.0 16.0 16.0 -9.0 -3.0 11.0 10.0 7.0 7.0 
 27 15.0 2 7 23 10 12.0 8 24.0 24 16.0 18 6 13.0 27 18.0 20 22.0 10 20 4 21.0 17.0 8 16.0 13 2 21 26 20.0 2 17.0 21 12.0 2 24 23 21.0 22.0 13.0 13 12 20 22 1 24 15.0 7 20 14.0 5 8 8.0 27 9.0 21.0 19.0 14 20.0 27 1 12.0 21.0 1 14.0 16.0 2 7 23.0 9 26 27 24 8 3 27 12.0 18.0 8 20.0 22.0 7 8 14.0 18 14.0 23.0 4 3 24 23.0 16 16 16.0 22.0 9 3 8 8 
 17 26 25 16 18 10 14 15 4 16 5 4 26 15 14 18 17 1 12 20 15 19 5 26 15 1 16 6 26 10 5 14 1 1 6 6 16 14 
 274 
 27 17 2 7 23 10 26 8 25 24 16 18 6 18 27 10 20 14 10 20 4 15 4 8 16 13 2 21 26 5 2 4 21 26 2 24 23 15 14 18 13 12 20 22 1 24 17 7 20 1 5 8 12 27 20 15 19 14 5 27 1 26 15 1 1 16 2 7 6 9 26 27 24 8 3 27 26 10 8 5 14 7 8 1 18 1 6 4 3 24 6 16 16 16 14 9 3 8 8 
 275 
 262 
 255 
 259 
 2.0 1.0 6.0 3.0 2.0 2.0 5.0 3.0 1.0 1.0 2.0 6.0 3.0 2.0 2.0 5.0 3.0 1.0 1.0 1.0 
 27 17 2 7 23 10 26 8 25 24 27 2 7 23 10 26 8 17 25 24 18 10 20 15 26 5 4 14 18 21 20 1 8 5 27 26 6 9 27 5 8 7 3 24 16 8 1 
 16 18 6 18 27 10 20 14 10 20 16 6 18 27 10 20 14 
 4 15 4 8 16 13 2 21 26 5 4 4 8 16 13 2 21 
 2 4 21 26 2 24 23 15 14 18 2 21 26 2 24 23 15 
 13 21 20 22 24 1 17 7 20 1 13 20 22 24 1 17 7 
 5 8 21 27 20 15 19 14 5 27 5 21 27 20 15 19 14 
 1 26 15 1 1 16 2 7 6 9 1 15 1 1 16 2 7 
 26 27 24 8 3 27 26 10 8 5 26 24 8 3 27 26 10 
 14 7 8 1 18 1 6 4 3 24 14 8 1 18 1 6 4 
 6 16 16 16 14 9 3 8 8 1 6 16 16 14 9 3 8 
 18 18 
 17 18 15 4 12 8 26 
 15.0 13.0 21.0 17.0 8.0 7.0 12.0 
 17 25 24 18 10 20 15 26 5 4 14 18 
 15.0 24.0 3.0 13.0 18.0 9.0 21.0 12.0 20.0 17.0 22.0 13.0 
 35 1.0 2.0 3.0 4.0 5.0 6.0 7.0 8.0 9.0 10.0 11.0 12.0 13.0 14.0 15.0 16.0 17.0 18.0 19.0 20.0 21.0 22.0 23.0 24.0 25.0 26.0 27.0 28.0 29.0 30.0 31.0 32.0 33.0 34.0 35.0 36.0 37.0 38.0 39.0 40.0 41.0 42.0 43.0 44.0 46.0 45.0 47.0 48.0 49.0 50.0 51.0 52.0 53.0 54.0 55.0 56.0 57.0 58.0 59.0 60.0 61.0 62.0 63.0 64.0 65.0 66.0 67.0 68.0 69.0 70.0 71.0 72.0 73.0 74.0 75.0 76.0 77.0 78.0 79.0 80.0 81.0 82.0 83.0 84.0 85.0 86.0 87.0 88.0 89.0 90.0 91.0 92.0 93.0 94.0 95.0 96.0 97.0 
 36 17 9 21 23 10 21 18 1 19 21 38 19 8 23 19 20 12 26 10 23 18 2 1 4 18 14 12 9 9 18 1 19 12 18 19 21 18 19 12 1 18 23 9 9 25 21 4 15 21 23 9 27 9 5 21 10 1 4 23 10 1 9 5 19 12 1 18 19 1 19 8 21 4 21 26 23 12 18 12 18 7 5 18 10 1 9 15 21 24 3 4.0 10 21 27 19 12 1 18 
 39 15.0 11.0 4.0 0.0 18.0 4.0 13.0 14.0 19.0 4.0 19.0 7.0 0.0 19.0 9.0 8.0 12.0 18.0 0.0 13.0 1.0 14.0 17.0 13.0 22.0 8.0 11.0 11.0 13.0 14.0 19.0 8.0 13.0 19.0 4.0 13.0 19.0 8.0 14.0 13.0 0.0 11.0 11.0 25.0 4.0 17.0 21.0 4.0 0.0 11.0 2.0 11.0 20.0 4.0 18.0 14.0 17.0 0.0 18.0 14.0 11.0 20.0 19.0 8.0 14.0 13.0 19.0 14.0 19.0 7.0 4.0 17.0 4.0 12.0 0.0 8.0 13.0 8.0 13.0 6.0 20.0 13.0 18.0 14.0 11.0 21.0 4.0 3.0 10.0 4.0 18.0 4.0 2.0 19.0 8.0 14.0 13.0 
 0.0 13.0 -1.0 13.0 0.0 5.0 8.0 -6.0 1.0 13.0 3.0 6.0 
 24.0 19.0 
 23 18 25 18 23 13 12 19 2 18 24 7 
 0.0 2.0 17.0 17.0 15.0 3.0 24.0 
 110 104 99 99 115 121 100 
 
 27 17 2 7 23 10 26 8 25 24 16 18 6 18 27 10 20 14 10 20 4 15 4 8 16 13 2 21 26 5 2 4 26 21 2 24 23 15 14 18 13 12 20 22 24 1 17 7 20 1 5 8 12 27 20 15 19 14 5 27 1 26 15 1 1 16 2 7 6 9 26 27 24 8 3 27 26 10 8 5 14 7 8 1 18 1 6 4 3 24 6 16 16 16 14 9 3 8 8 
 2.0 1.0 6.0 1.0 3.0 2.0 2.0 5.0 3.0 1.0 1.0 
 1.0 27 17 2 7 23 10 26 8 25 24 16 
 2.0 18 6 18 27 10 20 14 10 20 4 15 
 3.0 4 8 16 13 2 21 26 5 2 4 21 
 4.0 26 2 24 23 15 14 18 13 12 20 22 
 5.0 24 1 17 7 20 1 5 8 12 27 20 
 6.0 15 19 14 5 27 1 26 15 1 1 16 
 7.0 2 7 6 9 26 27 24 8 3 27 26 
 8.0 10 8 5 14 7 8 1 18 1 6 4 
 9.0 3 24 6 16 16 16 14 9 3 8 8 
 
## xl/worksheets/sheet3.xml
  
 
 
 
 
 
 
 
 
 
 
 
 
 1 3 5 6 7 5 2 1 12 2 14 9 15 16 4 7 
 2 4 1 1 8 9 10 9 13 2 13 4 16 17 18 
 2 25 15 19 22 17 14 24 22 19 27 12 3 8 23 21 
 18 17 19 26 13 3 7 3 6 20 24 7 5 5 5 
 3 19 
 1 10 10 22 20 24 12 
 3 10 19 16 10 22 19 5 14 
 10 4 14 16 3 23 9 23 13 
 23 20 21 14 3 12 18 
 27 
 1 5 6 7 5 2 1 12 2 14 9 15 16 4 7 
 2 1 1 8 9 10 9 13 2 13 4 16 17 18 
 2 15 19 22 17 14 24 22 19 27 12 3 8 23 21 
 18 19 26 13 3 7 3 6 20 24 7 5 5 5 
 3 4 25 17 19 1 10 
 10 10 22 20 24 12 
 3 19 16 10 22 19 5 14 
 10 4 14 16 3 23 9 23 13 
 23 20 21 14 3 12 18 
 27 
 
 3 4 25 17 19 1 10 10 10 22 20 24 12 3 19 16 10 22 19 5 
 10 4 14 16 3 23 9 23 14 13 23 20 21 
 14 3 12 18 27 1 5 6 7 5 2 1 12 
 2 14 9 15 16 4 7 2 1 1 8 9 10 
 9 13 2 13 4 16 17 18 2 15 19 22 17 
 14 24 22 19 27 12 3 8 23 21 18 19 26 
 13 3 7 3 6 20 24 7 5 5 5 
 51 3 10 10 22 20 24 12 3 19 16 10 22 19 5 
 4 10 4 14 16 3 23 9 23 14 13 23 20 21 
 25 14 3 12 18 27 1 5 6 7 5 2 1 12 
 17 2 14 9 15 16 4 7 2 1 1 8 9 10 
 19 9 13 2 13 4 16 17 18 2 15 19 22 17 
 1 14 24 22 19 27 12 3 8 23 21 18 19 26 
 10 13 3 7 3 6 20 24 7 5 5 5 
 52 10 10 10 22 20 24 12 3 19 16 10 22 19 5 
 1 10 4 14 16 3 23 9 23 14 13 23 20 21 
 19 14 3 12 18 27 1 5 6 7 5 2 1 12 
 17 2 14 9 15 16 4 7 2 1 1 8 9 10 
 25 9 13 2 13 4 16 17 18 2 15 19 22 17 
 4 14 24 22 19 27 12 3 8 23 21 18 19 26 
 3 13 3 7 3 6 20 24 7 5 5 5 
 53 
 51 3 10 10 22 20 24 12 3 19 16 10 22 19 5 
 4 10 4 14 16 3 23 9 23 14 13 23 20 21 
 25 14 3 12 18 27 1 5 6 7 5 2 1 12 
 17 2 14 9 15 16 4 7 2 1 1 8 9 10 
 19 9 13 2 13 4 16 17 18 2 15 19 22 17 
 1 14 24 22 19 27 12 3 8 23 21 18 19 26 
 10 13 3 7 3 6 20 24 7 5 5 5 
 51 3 10 10 22 20 24 12 3 19 16 10 22 19 5 
 4 10 4 14 16 3 23 9 23 14 13 23 20 21 
 25 14 3 12 18 27 1 5 6 7 5 2 1 12 
 17 2 14 9 15 16 4 7 2 1 1 8 9 10 
 19 9 13 2 13 4 16 17 18 2 15 19 22 17 
 1 14 24 22 19 27 12 3 8 23 21 18 19 26 
 10 13 3 7 3 6 20 24 7 5 5 5 
 51 1.0 3 10 10 22 20 24 12 3 19 16 10 22 19 5 
 4.0 4 10 4 14 16 3 23 9 23 14 13 23 20 21 
 7.0 25 14 3 12 18 27 1 5 6 7 5 2 1 12 
 3.0 17 2 14 9 15 16 4 7 2 1 1 8 9 10 
 6.0 19 9 13 2 13 4 16 17 18 2 15 19 22 17 
 2.0 1 14 24 22 19 27 12 3 8 23 21 18 19 26 
 5.0 10 13 3 7 3 6 20 24 7 5 5 5 
 51 1.0 3 10 10 22 20 24 12 3 19 16 10 22 19 5 1 14 24 22 19 27 12 3 8 23 21 18 19 26 17 2 14 9 15 16 4 7 2 1 1 8 9 10 4 10 4 14 16 3 23 9 23 14 13 23 20 21 10 13 3 7 3 6 20 24 7 5 5 5 19 9 13 2 13 4 16 17 18 2 15 19 22 17 25 14 3 12 18 27 1 5 6 7 5 2 1 12 
 4.0 
 7.0 
 3.0 
 6.0 
 2.0 
 5.0 
 51 1.0 3 10 10 22 20 24 12 3 19 16 10 22 19 5 1 14 24 22 19 27 12 3 8 23 21 18 19 26 17 2 14 9 15 16 4 7 2 1 1 8 9 10 4 10 4 14 16 3 23 9 23 14 13 23 20 21 10 13 3 7 3 6 20 24 7 5 5 5 19 9 13 2 13 4 16 17 18 2 15 19 22 17 25 14 3 12 18 27 1 5 6 7 5 2 1 12 
 51 1.0 
 64 2.0 1.0 6.0 3.0 2.0 2.0 5.0 3.0 1.0 1.0 
 3 10 10 22 20 24 12 3 19 16 
 10 22 19 5 1 14 24 22 19 27 
 12 3 8 23 21 18 19 26 17 2 
 14 9 15 16 4 7 2 1 1 8 
 9 10 4 10 4 14 16 3 23 9 
 23 14 13 23 20 21 10 13 3 7 
 3 6 20 24 7 5 5 5 
 19 9 13 2 13 4 16 17 18 2 
 15 19 22 17 25 14 3 12 18 27 
 1 5 6 7 5 2 1 12 
 64 
 1.0 1.0 1.0 
 10 19 16 22 19 27 3 17 2 9 1 8 10 23 9 14 3 7 6 9 18 2 19 18 27 5 3 20 24 10 1 14 12 21 18 14 4 7 9 4 14 23 20 21 3 7 5 19 13 4 15 25 14 1 5 2 
 2.0 2.0 2.0 
 3.0 3.0 
 22 3 5 22 23 26 16 1 10 3 23 13 24 5 2 17 17 12 7 12 12 24 19 2 16 10 5 16 3 1 10 19 8 15 4 13 20 13 22 6 
 5.0 6.0 
 83 21 19 4 23 18 10 21 14 20 
 2.0 7.0 5.0 1.0 4.0 6.0 2.0 8.0 3.0 
 64 
 1.0 1.0 1.0 
 2.0 2.0 2.0 
 3.0 3.0 
 5.0 
 6.0 
 83 21 19 4 23 18 10 21 14 20 
 2.0 7.0 5.0 1.0 4.0 6.0 2.0 8.0 3.0 
 10 19 16 22 19 27 3 17 2 
 9 1 8 10 23 9 14 3 7 
 6 9 18 2 19 18 27 
 5 3 20 24 10 1 14 
 12 21 18 14 4 7 9 4 14 
 23 20 21 3 7 5 19 13 4 
 15 25 14 1 5 2 22 3 5 
 22 23 26 16 1 10 3 23 13 
 24 5 2 17 17 12 7 12 12 
 24 19 2 16 10 5 16 3 1 
 10 19 8 15 4 13 20 13 22 
 6 
 83 21 19 4 23 18 10 21 14 20 
 1.0 2.0 2.0 3.0 
 22 10 9 3 14 3 1 16 17 16 15 10 3 9 14 6 19 5 10 12 9 23 19 15 22 22 3 24 7 24 16 10 20 6 2 7 27 14 14 4 5 13 12 1 22 
 4.0 5.0 6.0 7.0 8.0 
 19 23 18 20 4 7 5 1 17 10 4 16 8 18 21 14 26 2 2 8 27 9 2 24 7 5 2 10 12 5 13 19 1 21 20 25 23 5 19 19 17 3 18 1 4 13 3 23 12 3 13 
 89 90 89 90 89 90 4 16 
 7 4 1 5 17 10 4 16 18 21 14 19 1 3 18 1 
 