1,"a",2,2
2,"I",1,1
3,"am",6,7
4,"an",2,3
5,"as",17,18
6,"at",2,3
7,"be",34,35
8,"Dr",10,11
9,"do",4,5
10,"eg",2,3
11,"go",93,94
12,"he",35,36
13,"hi",35,36
14,"I'm",119,121
15,"if",38,39
16,"in",12,13
17,"is",35,36
18,"it",1,2
19,"Mr",55,56
20,"Ms",9,10
21,"me",3,4
22,"mu",3,4
23,"my",92,93
24,"no",94,95
25,"OK",122,123
26,"of",249,250
27,"oh",32,33
28,"on",7,8
29,"or",54,55
30,"ox",23,24
31,"pa",2,3
32,"pi",158,159
33,"re",17,18
34,"so",19,20
35,"to",7,8
36,"up",187,188
37,"us",45,46
38,"we",2,3
39,"wo",21,22
40,"à la",17,18
41,"aba",211,213
42,"ace",295,297
43,"act",109,111
44,"add",75,77
45,"ado",2,4
46,"aft",243,245
47,"aga",153,155
48,"age",153,155
49,"ago",91,93
50,"aid",43,45
51,"ail",66,68
52,"aim",228,230
53,"ain",43,45
54,"air",66,68
55,"ais",46,48
56,"ait",43,45
57,"alb",41,43
58,"ale",15,17
59,"all",64,66
60,"als",112,114
61,"alt",41,43
62,"amu",153,155
63,"ana",2,4
64,"and",295,297
65,"ant",109,111
66,"ape",99,101
67,"apt",107,109
68,"arb",13,15
69,"are",15,17
70,"arm",105,107
71,"art",13,15
72,"ash",143,145
73,"ask",194,196
74,"asp",70,72
75,"ass",46,48
76,"ate",2,4
77,"auk",228,230
78,"ave",66,68
79,"awe",99,101
80,"awn",151,153
81,"axe",75,77
82,"aye",163,165
83,"bad",71,73
84,"bag",87,89
85,"ban",71,73
86,"bat",71,73
87,"bed",224,226
88,"bee",34,36
89,"beg",71,73
90,"ben",224,226
91,"bet",71,73
92,"bin",183,185
93,"bit",183,185
94,"bog",18,20
95,"bot",18,20
96,"bpi",177,179
97,"bps",177,179
98,"bra",224,226
99,"car",287,289
100,"caw",242,244
101,"con",235,237
102,"cot",235,237
103,"cry",287,289
104,"cue",65,67
105,"cur",199,201
106,"cut",16,18
107,"dah",67,69
108,"dak",160,162
109,"dal",195,197
110,"dam",18,20
111,"dan",160,162
112,"das",67,69
113,"day",160,162
114,"deb",67,69
115,"dee",34,36
116,"def",183,185
117,"den",10,12
118,"dew",71,73
119,"did",224,226
120,"die",34,36
121,"dig",71,73
122,"dim",71,73
123,"din",224,226
124,"dit",71,73
125,"don",4,6
126,"dot",4,6
127,"dry",201,203
128,"dub",177,179
129,"dud",71,73
130,"due",224,226
131,"dug",87,89
132,"dun",71,73
133,"duo",133,135
134,"dux",71,73
135,"ear",12,14
136,"eas",45,47
137,"eat",1,3
138,"ebb",66,68
139,"eel",68,70
140,"eft",11,13
141,"egg",163,165
142,"ego",166,168
143,"ell",81,83
144,"elm",227,229
145,"els",45,47
146,"ems",158,160
147,"emu",2,4
148,"end",15,17
149,"eon",6,8
150,"era",78,80
151,"ere",45,47
152,"erk",12,14
153,"ern",12,14
154,"err",78,80
155,"ers",45,47
156,"est",38,40
157,"eth",46,48
158,"eve",38,40
159,"ewe",1,3
160,"ext",228,230
161,"eye",99,101
162,"fan",227,229
163,"fas",78,80
164,"fat",227,229
165,"fay",252,254
166,"fed",78,80
167,"fee",45,47
168,"fen",78,80
169,"feu",69,71
170,"fib",81,83
171,"fid",81,83
172,"fin",81,83
173,"fit",81,83
174,"foe",150,152
175,"fur",193,195
176,"gab",155,157
177,"gad",155,157
178,"gan",155,157
179,"gas",191,193
180,"gat",3,5
181,"gee",9,11
182,"gem",3,5
183,"gen",76,78
184,"get",3,5
185,"gie",33,35
186,"gig",159,161
187,"gin",9,11
188,"gis",33,35
189,"git",9,11
190,"goa",93,95
191,"got",124,126
192,"gun",159,161
193,"gut",159,161
194,"guy",159,161
195,"hag",49,51
196,"ham",49,51
197,"hap",184,186
198,"hat",49,51
199,"haw",147,149
200,"hem",49,51
201,"hen",37,39
202,"her",36,38
203,"het",37,39
204,"hew",48,50
205,"hic",36,38
206,"hie",35,37
207,"him",48,50
208,"hin",36,38
209,"hit",36,38
210,"hoe",50,52
211,"hog",134,136
212,"hot",118,120
213,"how",88,90
214,"hoy",118,120
215,"hue",36,38
216,"hug",48,50
217,"hum",48,50
218,"hut",48,50
219,"ice",40,42
220,"imp",162,164
221,"ink",12,14
222,"inn",12,14
223,"ins",45,47
224,"ion",5,7
225,"ire",68,70
226,"irk",11,13
227,"Jew",153,155
228,"jag",91,93
229,"jam",91,93
230,"jap",95,97
231,"jaw",95,97
232,"jet",53,55
233,"jig",153,155
234,"job",217,219
235,"jot",217,219
236,"jut",153,155
237,"kai",14,16
238,"keg",98,100
239,"ken",14,16
240,"key",233,235
241,"kid",42,44
242,"kin",42,44
243,"kit",42,44
244,"lah",66,68
245,"lam",17,19
246,"las",66,68
247,"lea",70,72
248,"led",66,68
249,"lee",46,48
250,"lei",46,48
251,"lem",17,19
252,"les",46,48
253,"let",17,19
254,"lev",46,48
255,"lie",46,48
256,"lis",143,145
257,"lit",70,72
258,"lud",70,72
259,"lug",86,88
260,"lux",70,72
261,"Mao",124,126
262,"Mrs",55,57
263,"mad",209,211
264,"mag",93,95
265,"mam",93,95
266,"man",164,166
267,"map",97,99
268,"mar",110,112
269,"mas",55,57
270,"mat",93,95
271,"maw",97,99
272,"may",164,166
273,"men",55,57
274,"met",55,57
275,"mew",3,5
276,"mid",76,78
277,"min",76,78
278,"mis",33,35
279,"mix",76,78
280,"mob",29,31
281,"mod",29,31
282,"mog",218,220
283,"mom",218,220
284,"mon",29,31
285,"mot",29,31
286,"mud",155,157
287,"mum",3,5
288,"nab",156,158
289,"nas",44,46
290,"nay",254,256
291,"née",67,69
292,"neb",44,46
293,"net",4,6
294,"new",18,20
295,"nib",67,69
296,"nil",224,226
297,"nip",71,73
298,"nit",10,12
299,"nog",125,127
300,"non",168,170
301,"not",125,127
302,"nun",160,162
303,"nut",18,20
304,"oaf",240,242
305,"oar",171,173
306,"oat",92,94
307,"ode",7,9
308,"ods",31,33
309,"one",7,9
310,"orb",171,173
311,"ore",54,56
312,"out",24,26
313,"ova",8,10
314,"own",92,94
315,"owt",92,94
316,"par",101,103
317,"pat",2,4
318,"pea",158,160
319,"pee",158,160
320,"pen",75,77
321,"pep",158,160
322,"pet",2,4
323,"pew",158,160
324,"pie",181,183
325,"pig",158,160
326,"pit",158,160
327,"pot",166,168
328,"pre",75,77
329,"pry",101,103
330,"pun",158,160
331,"put",158,160
332,"raj",243,245
333,"ran",228,230
334,"ras",43,45
335,"rat",228,230
336,"raw",243,245
337,"ray",253,255
338,"rec",288,290
339,"red",43,45
340,"rem",228,230
341,"res",46,48
342,"ret",43,45
343,"ria",70,72
344,"rib",66,68
345,"rid",66,68
346,"rim",17,19
347,"rip",70,72
348,"roc",236,238
349,"roe",151,153
350,"rot",236,238
351,"rue",66,68
352,"rum",17,19
353,"rut",17,19
354,"rya",105,107
355,"rye",105,107
356,"sac",268,270
357,"sad",72,74
358,"sag",50,52
359,"sam",50,52
360,"san",72,74
361,"sap",185,187
362,"sat",50,52
363,"saw",148,150
364,"sax",72,74
365,"sea",37,39
366,"sec",38,40
367,"see",35,37
368,"sen",38,40
369,"set",38,40
370,"sew",49,51
371,"sex",225,227
372,"shy",145,147
373,"sic",37,39
374,"sin",37,39
375,"sir",36,38
376,"sit",37,39
377,"ska",11,13
378,"ski",39,41
379,"son",119,121
380,"sot",19,21
381,"sow",89,91
382,"soy",119,121
383,"spa",72,74
384,"sty",161,163
385,"sue",37,39
386,"sug",49,51
387,"sum",49,51
388,"sup",184,186
389,"swy",88,90
390,"tab",210,212
391,"tad",100,102
392,"tag",94,96
393,"tai",16,18
394,"taj",235,237
395,"tam",94,96
396,"tan",100,102
397,"tao",125,127
398,"tap",98,100
399,"tar",14,16
400,"tas",16,18
401,"tat",94,96
402,"taw",98,100
403,"tax",100,102
404,"tay",165,167
405,"tea",4,6
406,"ted",16,18
407,"tee",4,6
408,"teg",100,102
409,"ten",14,16
410,"tes",34,36
411,"the",34,36
412,"tic",103,105
413,"tie",10,12
414,"tin",44,46
415,"tip",160,162
416,"tis",34,36
417,"tit",4,6
418,"toe",7,9
419,"tog",29,31
420,"tom",29,31
421,"ton",22,24
422,"too",218,220
423,"tor",128,130
424,"tot",22,24
425,"tow",122,124
426,"try",233,235
427,"tub",156,158
428,"tui",44,46
429,"tum",4,6
430,"tun",156,158
431,"two",125,127
432,"uke",230,232
433,"ult",40,42
434,"uni",157,159
435,"uns",180,182
436,"urd",12,14
437,"urn",12,14
438,"use",45,47
439,"ute",1,3
440,"utu",1,3
441,"van",186,188
442,"vat",149,151
443,"veg",186,188
444,"vet",11,13
445,"vex",39,41
446,"vie",68,70
447,"vim",226,228
448,"vow",119,121
449,"wad",208,210
450,"wan",163,165
451,"war",109,111
452,"way",163,165
453,"wee",2,4
454,"wen",109,111
455,"wet",109,111
456,"who",211,213
457,"win",75,77
458,"wis",181,183
459,"wit",2,4
460,"woe",21,23
461,"wog",217,219
462,"won",28,30
463,"wry",231,233
464,"wus",190,192
465,"yam",165,167
466,"yea",100,102
467,"yen",108,110
468,"yes",210,212
469,"yet",108,110
470,"yin",100,102
471,"zea",212,214
472,"zee",33,35
473,"zen",9,11
474,"zit",212,214
475,"zoo",25,27
476,"Agni",53,56
477,"Aire",66,69
478,"Amon",217,220
479,"Aras",41,44
480,"Asia",46,49
481,"A to Z",217,220
482,"abet",211,214
483,"acne",109,112
484,"acts",109,112
485,"adit",211,214
486,"aeon",236,239
487,"aery",288,291
488,"aged",248,251
489,"aide",43,46
490,"aids",43,46
491,"airs",66,69
492,"airt",194,197
493,"airy",200,203
494,"akee",295,298
495,"akin",295,298
496,"alae",64,67
497,"alar",198,201
498,"alas",64,67
499,"albs",41,44
500,"alec",198,201
501,"alee",112,115
502,"ales",112,115
503,"alts",41,44
504,"amah",53,56
505,"amen",53,56
506,"amid",248,251
507,"anas",190,193
508,"anew",158,161
509,"ankh",109,112
510,"anna",295,298
511,"anon",166,169
512,"ante",109,112
513,"anti",295,298
514,"a one",21,24
515,"aped",188,191
516,"area",15,18
517,"ares",112,115
518,"aria",174,177
519,"arid",64,67
520,"arse",112,115
521,"arts",13,16
522,"arty",204,207
523,"arum",15,18
524,"asci",194,197
525,"ashy",143,146
526,"as if",143,146
527,"asks",194,197
528,"asps",176,179
529,"at it",2,5
530,"atom",217,220
531,"attn",6,9
532,"aunt",228,231
533,"aves",66,69
534,"awed",293,296
535,"axel",75,78
536,"babe",177,180
537,"babu",177,180
538,"bade",177,180
539,"bait",224,227
540,"bake",267,270
541,"banc",267,270
542,"bane",71,74
543,"bani",177,180
544,"bank",267,270
545,"bans",177,180
546,"bate",71,74
547,"bath",177,180
548,"bats",177,180
549,"beef",34,37
550,"been",183,186
551,"beer",58,61
552,"beet",183,186
553,"begs",177,180
554,"bema",267,270
555,"berg",183,186
556,"berm",183,186
557,"best",34,37
558,"bier",34,37
559,"bing",183,186
560,"bint",183,186
561,"bird",58,61
562,"bite",183,186
563,"bozo",18,21
564,"bran",224,227
565,"brat",224,227
566,"cart",287,290
567,"case",42,45
568,"cede",42,45
569,"cedi",42,45
570,"cent",242,245
571,"cere",65,68
572,"cert",199,202
573,"char",56,59
574,"chat",113,116
575,"chin",142,145
576,"chit",142,145
577,"ciao",131,134
578,"cist",56,59
579,"cite",65,68
580,"cive",56,59
581,"coca",235,238
582,"coke",235,238
583,"conn",235,238
584,"cote",235,238
585,"cree",42,45
586,"cues",65,68
587,"curt",199,202
588,"cusp",65,68
589,"cyma",233,236
590,"cyme",233,236
591,"Dard",10,13
592,"dale",195,198
593,"dare",195,198
594,"darg",201,204
595,"dari",195,198
596,"darn",10,13
597,"dart",10,13
598,"data",160,163
599,"date",160,163
600,"dead",71,74
601,"dean",71,74
602,"deed",224,227
603,"deem",71,74
604,"deer",183,186
605,"deft",183,186
606,"deme",160,163
607,"demo",18,21
608,"dene",67,70
609,"dens",67,70
610,"dent",10,13
611,"deny",201,204
612,"de re",224,227
613,"desk",58,61
614,"dews",177,180
615,"dewy",87,90
616,"dhal",34,37
617,"diet",183,186
618,"digs",177,180
619,"dime",71,74
620,"dims",177,180
621,"dine",224,227
622,"dirt",183,186
623,"disc",34,37
624,"disk",34,37
625,"diva",34,37
626,"dive",34,37
627,"done",4,7
628,"dote",4,7
629,"dots",4,7
630,"dree",67,70
631,"drip",67,70
632,"duct",267,270
633,"dude",177,180
634,"duds",177,180
635,"duke",267,270
636,"dune",71,74
637,"dunk",267,270
638,"duns",177,180
639,"duty",87,90
640,"dyne",244,247
641,"Edam",17,20
642,"Edda",79,82
643,"Eden",66,69
644,"Eire",225,228
645,"El Al",193,196
646,"Eris",45,48
647,"Erse",45,48
648,"earl",40,43
649,"earn",12,15
650,"ease",45,48
651,"east",81,84
652,"eats",157,160
653,"edit",70,73
654,"eery",202,205
655,"efts",62,65
656,"eggs",208,211
657,"else",45,48
658,"emit",2,5
659,"emus",190,193
660,"ends",112,115
661,"eras",78,81
662,"erne",40,43
663,"erst",69,72
664,"et al",13,16
665,"etas",15,18
666,"etna",2,5
667,"etui",43,46
668,"even",38,41
669,"ewer",74,77
670,"ewes",180,183
671,"exam",243,246
672,"exes",43,46
673,"eyed",293,296
674,"eyra",293,296
675,"Finn",193,196
676,"Fula",193,196
677,"fact",227,230
678,"fail",78,81
679,"fair",78,81
680,"fake",227,230
681,"fast",78,81
682,"fate",227,230
683,"fête",12,14
684,"fear",193,196
685,"feed",81,84
686,"fees",45,48
687,"feet",81,84
688,"feme",227,230
689,"fern",193,196
690,"feud",69,72
691,"fiat",69,72
692,"fief",278,281
693,"find",193,196
694,"fine",81,84
695,"fins",81,84
696,"fisc",278,281
697,"fist",45,48
698,"fits",81,84
699,"five",278,281
700,"fled",78,81
701,"free",78,81
702,"frit",78,81
703,"fuse",81,84
704,"fyrd",104,107
705,"Gaea",76,79
706,"Gael",76,79
707,"Gaia",191,194
708,"gaff",76,79
709,"gain",76,79
710,"gait",76,79
711,"gate",155,158
712,"gats",155,158
713,"gave",191,194
714,"gean",159,162
715,"gear",9,12
716,"geek",9,12
717,"gees",33,36
718,"gems",155,158
719,"gene",76,79
720,"gent",102,105
721,"genu",191,194
722,"geta",102,105
723,"gets",191,194
724,"geum",212,215
725,"ghee",33,36
726,"gîte",55,57
727,"gift",182,185
728,"gilt",223,226
729,"gimp",159,162
730,"gink",9,12
731,"glen",191,194
732,"gnaw",241,244
733,"gray",250,253
734,"grin",191,194
735,"grit",191,194
736,"guar",9,12
737,"gurn",9,12
738,"haem",147,150
739,"haji",147,150
740,"hale",60,63
741,"hall",60,63
742,"halt",37,40
743,"hame",49,52
744,"hare",37,40
745,"harl",37,40
746,"heal",36,39
747,"hear",36,39
748,"heat",48,51
749,"heft",35,38
750,"herb",59,62
751,"herd",36,39
752,"herm",146,149
753,"hero",146,149
754,"hewn",48,51
755,"hike",36,39
756,"hind",36,39
757,"hint",36,39
758,"hoed",50,53
759,"hole",50,53
760,"hols",50,53
761,"home",134,137
762,"hood",214,217
763,"hoot",214,217
764,"hued",36,39
765,"hula",59,62
766,"hulk",281,284
767,"hull",59,62
768,"hurl",36,39
769,"Idun",69,72
770,"Inga",187,190
771,"Inst",69,72
772,"Iran",226,229
773,"iced",40,43
774,"idea",69,72
775,"ides",45,48
776,"idle",81,84
777,"imam",255,258
778,"inks",12,15
779,"inky",203,206
780,"in re",78,81
781,"inti",40,43
782,"iota",120,123
783,"irks",11,14
784,"item",150,153
785,"ixia",78,81
786,"Jews",153,156
787,"June",153,156
788,"jape",95,98
789,"jean",153,156
790,"jets",53,56
791,"josh",28,31
792,"joss",28,31
793,"jots",217,220
794,"jute",153,156
795,"juts",153,156
796,"Kiev",56,59
797,"Kota",125,128
798,"kaka",106,109
799,"kaki",292,295
800,"kana",98,101
801,"kant",106,109
802,"keas",42,45
803,"keek",242,245
804,"keel",65,68
805,"keen",42,45
806,"kemp",205,208
807,"keno",233,236
808,"kens",111,114
809,"kent",233,236
810,"kern",287,290
811,"kibe",42,45
812,"kids",42,45
813,"kike",287,290
814,"kine",42,45
815,"kink",287,290
816,"kino",242,245
817,"kins",42,45
818,"kirk",199,202
819,"kite",42,45
820,"kith",42,45
821,"kits",42,45
822,"knar",100,103
823,"knee",210,213
824,"knot",165,168
825,"kore",237,240
826,"kris",111,114
827,"Leto",17,20
828,"lari",194,197
829,"lase",66,69
830,"lead",70,73
831,"leak",266,269
832,"lean",70,73
833,"leat",70,73
834,"lees",143,146
835,"leet",70,73
836,"leks",194,197
837,"lend",194,197
838,"lens",66,69
839,"lent",194,197
840,"lest",46,49
841,"lets",66,69
842,"leva",57,60
843,"lief",143,146
844,"lieu",143,146
845,"lift",57,60
846,"lima",266,269
847,"lime",70,73
848,"limn",86,89
849,"limo",132,135
850,"list",143,146
851,"live",143,146
852,"lube",176,179
853,"luke",266,269
854,"luna",70,73
855,"lune",70,73
856,"lute",70,73
857,"luxe",70,73
858,"Mari",110,113
859,"Mons",29,32
860,"made",209,212
861,"main",241,244
862,"mako",164,167
863,"male",110,113
864,"mali",110,113
865,"malt",272,275
866,"mama",93,96
867,"mane",209,212
868,"mans",209,212
869,"mara",272,275
870,"mare",110,113
871,"marl",272,275
872,"mars",110,113
873,"mart",232,235
874,"masa",130,133
875,"mash",141,144
876,"mass",55,58
877,"mate",164,167
878,"math",209,212
879,"mats",209,212
880,"matt",93,96
881,"mead",155,158
882,"mean",155,158
883,"meat",3,6
884,"meed",76,79
885,"meek",102,105
886,"meet",3,6
887,"meld",76,79
888,"melt",76,79
889,"memo",124,127
890,"mend",110,113
891,"mere",76,79
892,"merl",76,79
893,"mesa",182,185
894,"mess",33,36
895,"mete",55,58
896,"meth",55,58
897,"mews",155,158
898,"mien",9,12
899,"mike",102,105
900,"mime",155,158
901,"mina",76,79
902,"mine",76,79
903,"mini",191,194
904,"mink",102,105
905,"mint",102,105
906,"mist",182,185
907,"mite",76,79
908,"mitt",3,6
909,"moas",127,130
910,"mobs",29,32
911,"mode",29,32
912,"mods",29,32
913,"mole",127,130
914,"moms",218,221
915,"more",127,130
916,"mosh",30,33
917,"moss",30,33
918,"mote",29,32
919,"moth",29,32
920,"mRNA",272,275
921,"muff",76,79
922,"musk",191,194
923,"must",191,194
924,"mute",155,158
925,"mutt",3,6
926,"Nato",26,29
927,"Nike",10,13
928,"Nipa",71,74
929,"Noel",247,250
930,"nada",156,159
931,"nail",80,83
932,"nave",80,83
933,"near",10,13
934,"neat",18,21
935,"nebs",44,47
936,"need",67,70
937,"neem",18,21
938,"neon",4,7
939,"nerd",195,198
940,"nest",183,186
941,"nets",44,47
942,"nett",4,7
943,"newt",18,21
944,"next",251,254
945,"nice",195,198
946,"nidi",67,70
947,"nine",67,70
948,"nips",177,180
949,"nits",67,70
950,"norm",94,97
951,"note",168,171
952,"noun",152,155
953,"Oahu",54,57
954,"Oder",221,224
955,"Odin",221,224
956,"OKed",170,173
957,"Olea",129,132
958,"Otis",31,34
959,"oars",171,174
960,"oche",139,142
961,"odes",31,34
962,"ofay",249,252
963,"ogee",30,33
964,"okes",128,131
965,"olio",129,132
966,"omen",127,130
967,"omit",22,25
968,"once",170,173
969,"oner",7,10
970,"ones",31,34
971,"onto",122,125
972,"ores",54,57
973,"ossa",32,35
974,"outs",154,157
975,"oval",8,11
976,"oven",8,11
977,"paid",75,78
978,"pain",75,78
979,"pair",190,193
980,"part",101,104
981,"past",190,193
982,"pave",190,193
983,"père",75,77
984,"peak",158,161
985,"pean",158,161
986,"peat",158,161
987,"peke",101,104
988,"pent",101,104
989,"peon",2,5
990,"pest",181,184
991,"pets",190,193
992,"pier",181,184
993,"pimp",158,161
994,"pity",158,161
995,"poke",166,169
996,"pont",166,169
997,"pung",158,161
998,"punt",158,161
999,"Rahu",43,46
1000,"Reno",243,246
1001,"rack",228,231
1002,"racy",228,231
1003,"rail",79,82
1004,"rake",228,231
1005,"rank",228,231
1006,"rant",228,231
1007,"rase",43,46
1008,"rata",228,231
1009,"rate",228,231
1010,"rave",79,82
1011,"real",194,197
1012,"ream",17,20
1013,"rear",194,197
1014,"rede",43,46
1015,"reds",43,46
1016,"reed",66,69
1017,"reek",194,197
1018,"rego",253,256
1019,"reis",143,146
1020,"rent",243,246
1021,"rete",43,46
1022,"rets",43,46
1023,"rhea",143,146
1024,"rice",194,197
1025,"ride",66,69
1026,"rind",194,197
1027,"rink",200,203
1028,"riot",17,20
1029,"ripe",70,73
1030,"rips",176,179
1031,"rise",143,146
1032,"risk",57,60
1033,"rite",66,69
1034,"rive",57,60
1035,"rôle",43,45
1036,"rota",236,239
1037,"rote",236,239
1038,"rotl",236,239
1039,"rout",151,154
1040,"rued",194,197
1041,"rues",66,69
1042,"rule",194,197
1043,"ruse",66,69
1044,"Saxe",72,75
1045,"Serb",60,63
1046,"Siam",48,51
1047,"sade",178,181
1048,"sago",88,91
1049,"sake",268,271
1050,"sale",61,64
1051,"salt",38,41
1052,"same",50,53
1053,"sane",72,75
1054,"sank",268,271
1055,"sans",178,181
1056,"sari",61,64
1057,"saté",72,75
1058,"sate",72,75
1059,"sawn",148,151
1060,"scar",284,287
1061,"scry",284,287
1062,"seal",37,40
1063,"seam",49,52
1064,"sear",37,40
1065,"seat",49,52
1066,"seek",37,40
1067,"seem",49,52
1068,"seen",37,40
1069,"seer",36,39
1070,"semé",72,75
1071,"semi",72,75
1072,"send",38,41
1073,"sene",225,228
1074,"sent",38,41
1075,"seta",38,41
1076,"sett",50,53
1077,"sewn",49,52
1078,"sext",225,228
1079,"sial",36,39
1080,"sice",37,40
1081,"sift",35,38
1082,"sing",184,187
1083,"site",37,40
1084,"skat",202,205
1085,"skeg",202,205
1086,"skid",39,42
1087,"skin",39,42
1088,"skit",39,42
1089,"skua",284,287
1090,"smit",73,76
1091,"smog",215,218
1092,"snip",68,71
1093,"soja",89,92
1094,"sole",51,54
1095,"soli",51,54
1096,"sols",51,54
1097,"soma",135,138
1098,"some",19,22
1099,"soon",215,218
1100,"soot",215,218
1101,"sore",51,54
1102,"sori",51,54
1103,"sown",89,92
1104,"spae",72,75
1105,"sped",72,75
1106,"stag",149,152
1107,"star",11,14
1108,"stem",149,152
1109,"step",226,229
1110,"stet",11,14
1111,"stew",226,229
1112,"stoa",119,122
1113,"stow",119,122
1114,"stun",226,229
1115,"stye",161,164
1116,"sued",37,40
1117,"suet",37,40
1118,"sulk",282,285
1119,"sura",37,40
1120,"sure",37,40
1121,"surf",60,63
1122,"swot",214,217
1123,"syne",149,152
1124,"Taft",242,245
1125,"Thea",47,50
1126,"Tues",44,47
1127,"Tu Fu",77,80
1128,"tact",108,111
1129,"tael",42,45
1130,"tail",65,68
1131,"tais",56,59
1132,"taka",108,111
1133,"take",108,111
1134,"tala",14,17
1135,"tale",14,17
1136,"tali",111,114
1137,"tame",94,97
1138,"tang",207,210
1139,"tank",108,111
1140,"tans",210,213
1141,"tapa",98,101
1142,"tape",98,101
1143,"tara",273,276
1144,"tare",14,17
1145,"taro",233,236
1146,"tars",111,114
1147,"tart",233,236
1148,"task",199,202
1149,"tass",56,59
1150,"tats",210,213
1151,"tatu",100,103
1152,"taus",42,45
1153,"taxa",100,103
1154,"taxi",189,192
1155,"teak",229,232
1156,"team",4,7
1157,"tear",103,106
1158,"teas",44,47
1159,"teat",4,7
1160,"tech",111,114
1161,"teds",56,59
1162,"teed",44,47
1163,"teem",4,7
1164,"teen",44,47
1165,"tees",34,37
1166,"tegs",210,213
1167,"tell",80,83
1168,"temp",207,210
1169,"tend",14,17
1170,"tens",56,59
1171,"tent",14,17
1172,"term",244,247
1173,"tern",103,106
1174,"test",71,74
1175,"teth",56,59
1176,"thaw",183,186
1177,"thee",34,37
1178,"then",183,186
1179,"thew",47,50
1180,"they",183,186
1181,"thin",58,61
1182,"thug",47,50
1183,"tide",44,47
1184,"tied",67,70
1185,"tier",224,227
1186,"ties",34,37
1187,"tike",103,106
1188,"tile",67,70
1189,"time",156,159
1190,"tine",44,47
1191,"tink",103,106
1192,"tins",44,47
1193,"tint",103,106
1194,"tiny",103,106
1195,"tire",67,70
1196,"titi",44,47
1197,"tits",44,47
1198,"toea",23,26
1199,"toed",128,131
1200,"toes",31,34
1201,"togs",29,32
1202,"toke",127,130
1203,"tolu",128,131
1204,"tomb",218,221
1205,"tome",29,32
1206,"toms",29,32
1207,"tone",22,25
1208,"tons",30,33
1209,"tore",128,131
1210,"tori",128,131
1211,"torn",170,173
1212,"torr",239,242
1213,"tors",128,131
1214,"tort",170,173
1215,"tosh",31,34
1216,"toss",31,34
1217,"tote",22,25
1218,"tots",30,33
1219,"tout",23,26
1220,"tRNA",273,276
1221,"tree",16,19
1222,"trek",242,245
1223,"tret",42,45
1224,"trey",242,245
1225,"trim",16,19
1226,"trio",16,19
1227,"trip",175,178
1228,"trot",235,238
1229,"true",65,68
1230,"tuck",229,232
1231,"tuff",77,80
1232,"tune",156,159
1233,"tusk",192,195
1234,"twat",165,168
1235,"twee",100,103
1236,"twin",100,103
1237,"twit",100,103
1238,"tyke",93,96
1239,"tzar",8,11
1240,"Utes",180,183
1241,"unau",74,77
1242,"unco",230,233
1243,"unit",157,160
1244,"unto",255,258
1245,"upas",187,190
1246,"urea",63,66
1247,"uric",197,200
1248,"urus",63,66
1249,"Veda",62,65
1250,"vail",62,65
1251,"vain",39,42
1252,"vair",62,65
1253,"vale",11,14
1254,"vane",186,189
1255,"vast",62,65
1256,"vega",186,189
1257,"vena",39,42
1258,"vend",11,14
1259,"vent",11,14
1260,"vest",68,71
1261,"vets",62,65
1262,"view",68,71
1263,"vote",19,22
1264,"wade",208,211
1265,"wadi",208,211
1266,"waft",295,298
1267,"wain",295,298
1268,"wait",295,298
1269,"wale",109,112
1270,"wane",208,211
1271,"wans",208,211
1272,"want",163,166
1273,"ware",109,112
1274,"warm",231,234
1275,"wars",109,112
1276,"wart",231,234
1277,"wats",208,211
1278,"watt",166,169
1279,"wear",101,104
1280,"weed",75,78
1281,"week",101,104
1282,"ween",75,78
1283,"weep",158,161
1284,"wees",181,184
1285,"weka",231,234
1286,"weld",75,78
1287,"welt",75,78
1288,"wend",109,112
1289,"went",109,112
1290,"were",75,78
1291,"wert",101,104
1292,"west",211,214
1293,"weta",109,112
1294,"whap",181,184
1295,"when",181,184
1296,"whet",181,184
1297,"whey",181,184
1298,"wide",190,193
1299,"wine",75,78
1300,"wink",101,104
1301,"winy",101,104
1302,"wits",190,193
1303,"wive",181,184
1304,"wons",28,31
1305,"wore",126,129
1306,"wren",295,298
1307,"yale",108,111
1308,"year",100,103
1309,"yeas",189,192
1310,"yest",210,213
1311,"yeti",294,297
1312,"yore",125,128
1313,"yurt",100,103
1314,"zees",33,36
1315,"zein",182,185
1316,"zeta",9,12
1317,"ziti",223,226
1318,"zone",3,6
1319,"zoos",25,28
1320,"Akron",231,235
1321,"Arhat",112,116
1322,"acned",271,275
1323,"actin",271,275
1324,"aedes",112,116
1325,"aerie",43,47
1326,"aesir",143,147
1327,"agate",153,157
1328,"aided",79,83
1329,"aides",43,47
1330,"airts",194,198
1331,"alarm",198,202
1332,"aleph",174,178
1333,"align",264,268
1334,"amass",53,57
1335,"amens",53,57
1336,"ament",95,99
1337,"amine",248,252
1338,"ancon",231,235
1339,"anent",101,105
1340,"angst",208,212
1341,"anima",158,162
1342,"anime",158,162
1343,"anted",109,113
1344,"antic",295,299
1345,"antra",271,275
1346,"apart",99,103
1347,"apter",293,297
1348,"arête",13,16
1349,"areas",64,68
1350,"arere",64,68
1351,"armed",291,295
1352,"armet",105,109
1353,"arris",41,45
1354,"asana",70,74
1355,"aspen",70,74
1356,"asset",143,147
1357,"atoms",217,221
1358,"atone",28,32
1359,"at sea",181,185
1360,"avast",194,198
1361,"await",293,297
1362,"aware",107,111
1363,"awful",188,192
1364,"awned",246,250
1365,"axial",190,194
1366,"baked",267,271
1367,"baned",71,75
1368,"banes",177,181
1369,"bates",177,181
1370,"bathe",177,181
1371,"beget",71,75
1372,"binge",183,187
1373,"bract",224,228
1374,"brake",224,228
1375,"brant",224,228
1376,"cease",65,69
1377,"cedes",42,46
1378,"cense",42,46
1379,"cheek",142,146
1380,"chert",142,146
1381,"chino",142,146
1382,"cites",65,69
1383,"civet",56,60
1384,"conte",235,239
1385,"crees",42,46
1386,"darts",10,14
1387,"deans",177,181
1388,"death",177,181
1389,"debag",83,87
1390,"deems",177,181
1391,"de-net",67,72
1392,"dents",195,199
1393,"desks",58,62
1394,"detox",18,22
1395,"de Wet",267,271
1396,"dewar",267,271
1397,"dhole",47,51
1398,"dight",177,181
1399,"dimer",71,75
1400,"dimes",177,181
1401,"dirge",183,187
1402,"ditto",133,137
1403,"ditty",87,91
1404,"dived",34,38
1405,"donee",4,8
1406,"dryad",201,205
1407,"dunce",267,271
1408,"dunes",177,181
1409,"eared",40,44
1410,"earls",40,44
1411,"easts",81,85
1412,"eaten",230,234
1413,"eater",74,78
1414,"eaves",81,85
1415,"eerie",68,72
1416,"egest",181,185
1417,"egg on",163,167
1418,"egret",75,79
1419,"eight",179,183
1420,"elute",69,73
1421,"emcee",53,57
1422,"emend",109,113
1423,"emery",101,105
1424,"emits",190,194
1425,"emmet",121,125
1426,"emote",28,32
1427,"enact",228,232
1428,"enate",228,232
1429,"ended",64,68
1430,"enema",228,232
1431,"ennui",64,68
1432,"ensue",57,61
1433,"enter",41,45
1434,"enure",194,198
1435,"esker",38,42
1436,"ether",57,61
1437,"ethic",57,61
1438,"etnas",190,194
1439,"et seq",266,270
1440,"etyma",166,170
1441,"evoke",134,138
1442,"exile",79,83
1443,"fairs",78,82
1444,"fanny",227,231
1445,"fasts",78,82
1446,"feria",81,85
1447,"freed",78,82
1448,"Glenn",191,195
1449,"Greek",191,195
1450,"gaffe",76,80
1451,"gaffs",76,80
1452,"gaits",76,80
1453,"gaunt",250,254
1454,"geese",33,37
1455,"gee up",182,186
1456,"genet",76,80
1457,"genic",191,195
1458,"genre",76,80
1459,"geode",3,7
1460,"get in",76,80
1461,"glare",191,195
1462,"gnawn",241,245
1463,"gorge",93,97
1464,"gotta",124,128
1465,"grail",76,80
1466,"grant",250,254
1467,"grate",250,254
1468,"grave",76,80
1469,"green",191,195
1470,"greet",191,195
1471,"grike",191,195
1472,"grind",191,195
1473,"halts",37,41
1474,"hared",37,41
1475,"harry",282,286
1476,"hatch",49,53
1477,"henge",184,188
1478,"henna",37,41
1479,"hertz",146,150
1480,"hiker",36,40
1481,"hints",59,63
1482,"holes",50,54
1483,"homed",134,138
1484,"hoots",214,218
1485,"horse",50,54
1486,"hulas",59,63
1487,"hurls",36,40
1488,"hurry",281,285
1489,"hutch",48,52
1490,"Idaho",81,85
1491,"id est",45,49
1492,"imine",74,78
1493,"indri",63,67
1494,"inert",193,197
1495,"inlet",78,82
1496,"inner",63,67
1497,"inter",40,44
1498,"inula",193,197
1499,"inure",193,197
1500,"ionic",5,9
1501,"irate",226,230
1502,"istle",60,64
1503,"Katar",106,110
1504,"kanzu",205,209
1505,"kebab",173,177
1506,"keens",42,46
1507,"kilim",65,69
1508,"kites",42,46
1509,"knave",189,193
1510,"leads",176,180
1511,"leans",176,180
1512,"leant",266,270
1513,"ledum",82,86
1514,"lepta",266,270
1515,"let on",17,21
1516,"lewis",176,180
1517,"lifts",57,61
1518,"light",176,180
1519,"limen",266,270
1520,"limes",176,180
1521,"limit",70,74
1522,"lumme",132,136
1523,"lutes",176,180
1524,"Maroc",232,236
1525,"Medea",130,134
1526,"MLitt",130,134
1527,"Musci",191,195
1528,"ma foi",241,245
1529,"males",110,114
1530,"malts",272,276
1531,"mamey",93,97
1532,"mamma",124,128
1533,"mania",209,213
1534,"maras",272,276
1535,"mares",110,114
1536,"maria",172,176
1537,"marls",272,276
1538,"marri",272,276
1539,"mates",209,213
1540,"matte",93,97
1541,"meats",155,159
1542,"meets",191,195
1543,"melts",76,80
1544,"mends",110,114
1545,"merit",191,195
1546,"merle",76,80
1547,"mesne",223,227
1548,"meter",241,245
1549,"metho",130,134
1550,"meths",141,145
1551,"metic",296,300
1552,"metis",55,59
1553,"metre",110,114
1554,"metro",232,236
1555,"minae",76,80
1556,"minas",76,80
1557,"mined",76,80
1558,"miner",191,195
1559,"miser",33,37
1560,"miter",76,80
1561,"mitts",155,159
1562,"model",219,223
1563,"moder",219,223
1564,"modes",29,33
1565,"moles",138,142
1566,"mores",138,142
1567,"morse",138,142
1568,"moses",30,34
1569,"motes",29,33
1570,"moths",29,33
1571,"motif",219,223
1572,"motte",218,222
1573,"muffs",76,80
1574,"musks",191,195
1575,"Naias",80,84
1576,"Naomi",26,30
1577,"Norge",94,98
1578,"nanny",229,233
1579,"naves",80,84
1580,"neigh",177,181
1581,"netes",44,48
1582,"netts",156,160
1583,"nicer",195,199
1584,"nitre",195,199
1585,"nonce",168,172
1586,"noted",237,241
1587,"oases",140,144
1588,"ocher",139,143
1589,"olive",140,144
1590,"omasa",127,131
1591,"ombre",219,223
1592,"omens",127,131
1593,"on dit",128,132
1594,"ormer",96,100
1595,"osier",32,36
1596,"pasta",190,194
1597,"paste",190,194
1598,"paved",190,194
1599,"peaky",158,162
1600,"pedal",190,194
1601,"pekan",101,105
1602,"pened",75,79
1603,"peter",75,79
1604,"petit",75,79
1605,"pietà",211,214
1606,"pitta",158,162
1607,"poked",166,170
1608,"ponce",166,170
1609,"preen",190,194
1610,"price",190,194
1611,"print",190,194
1612,"raise",43,47
1613,"raves",79,83
1614,"rearm",200,204
1615,"reeks",194,198
1616,"reeve",57,61
1617,"reign",266,270
1618,"reive",143,147
1619,"rente",288,292
1620,"reset",46,50
1621,"resin",143,147
1622,"resit",143,147
1623,"retes",43,47
1624,"retie",43,47
1625,"rhino",143,147
1626,"riant",266,270
1627,"riata",266,270
1628,"ricin",194,198
1629,"riped",70,74
1630,"ripen",70,74
1631,"ripes",176,180
1632,"risen",143,147
1633,"risks",57,61
1634,"rites",66,70
1635,"rived",57,61
1636,"riven",57,61
1637,"rivet",57,61
1638,"roted",236,240
1639,"route",151,155
1640,"routs",151,155
1641,"Somme",215,219
1642,"saber",178,182
1643,"sabin",178,182
1644,"salts",38,42
1645,"saree",61,65
1646,"sarin",61,65
1647,"sates",178,182
1648,"satin",72,76
1649,"saucy",225,229
1650,"scene",39,43
1651,"scent",284,288
1652,"scree",39,43
1653,"seamy",117,121
1654,"seeks",60,64
1655,"semen",268,272
1656,"semis",178,182
1657,"senna",38,42
1658,"sente",38,42
1659,"serge",184,188
1660,"setae",38,42
1661,"set on",134,138
1662,"setts",178,182
1663,"seven",35,39
1664,"singe",184,188
1665,"sited",37,41
1666,"skate",202,206
1667,"skeet",39,43
1668,"skein",62,66
1669,"skids",39,43
1670,"skied",62,66
1671,"skink",284,288
1672,"skins",39,43
1673,"skint",284,288
1674,"skirt",196,200
1675,"skite",39,43
1676,"skits",39,43
1677,"smalt",269,273
1678,"smelt",73,77
1679,"smite",73,77
1680,"smogs",215,219
1681,"snack",226,230
1682,"snake",226,230
1683,"snipe",68,72
1684,"snout",149,153
1685,"soles",51,55
1686,"somas",135,139
1687,"sooth",215,219
1688,"soots",215,219
1689,"sores",51,55
1690,"spain",72,76
1691,"stage",149,153
1692,"staid",39,43
1693,"stain",39,43
1694,"stair",62,66
1695,"stale",11,15
1696,"stare",11,15
1697,"state",186,190
1698,"stave",62,66
1699,"steak",226,230
1700,"stoat",119,123
1701,"stoke",135,139
1702,"stone",19,23
1703,"stuck",226,230
1704,"stunk",226,230
1705,"stunt",226,230
1706,"suave",60,64
1707,"suede",60,64
1708,"surah",37,41
1709,"suras",37,41
1710,"surer",60,64
1711,"surfs",60,64
1712,"sweet",72,76
1713,"swine",72,76
1714,"swore",134,138
1715,"Tatar",108,112
1716,"Tebet",131,135
1717,"Thule",58,62
1718,"tacet",294,298
1719,"tacts",108,112
1720,"taels",42,46
1721,"taint",242,246
1722,"takas",108,112
1723,"taken",108,112
1724,"taker",294,298
1725,"takin",294,298
1726,"tales",111,115
1727,"tamer",247,251
1728,"tangs",207,211
1729,"tanks",108,112
1730,"taras",273,277
1731,"tared",273,277
1732,"tares",111,115
1733,"tarot",233,237
1734,"tarsi",111,115
1735,"tasse",142,146
1736,"taste",65,69
1737,"tater",100,104
1738,"tates",210,214
1739,"tatus",189,193
1740,"tazza",152,156
1741,"tease",44,48
1742,"teats",156,160
1743,"teems",156,160
1744,"teens",44,48
1745,"teeny",103,107
1746,"teeth",44,48
1747,"tempi",207,211
1748,"temps",207,211
1749,"tends",111,115
1750,"tenet",42,46
1751,"tenia",131,135
1752,"tenno",233,237
1753,"tenon",235,239
1754,"tense",56,60
1755,"tenth",111,115
1756,"tents",14,18
1757,"tepee",156,160
1758,"teras",77,81
1759,"terse",44,48
1760,"tetra",273,277
1761,"theft",34,38
1762,"theta",183,187
1763,"thiol",47,51
1764,"third",34,38
1765,"tibia",44,48
1766,"tidal",192,196
1767,"tided",80,84
1768,"tides",44,48
1769,"tigon",254,258
1770,"tinea",80,84
1771,"tined",77,81
1772,"tines",44,48
1773,"titer",77,81
1774,"tithe",44,48
1775,"titis",44,48
1776,"tokes",127,131
1777,"tomes",29,33
1778,"tones",30,34
1779,"tonne",127,131
1780,"tores",139,143
1781,"torii",139,143
1782,"torsi",139,143
1783,"torso",128,132
1784,"torte",170,174
1785,"torts",170,174
1786,"toted",127,131
1787,"totes",30,34
1788,"trass",42,46
1789,"treat",16,20
1790,"treed",65,69
1791,"treen",65,69
1792,"trees",56,60
1793,"triad",175,179
1794,"tribe",65,69
1795,"tries",142,146
1796,"trike",199,203
1797,"trine",65,69
1798,"tripe",175,179
1799,"trips",175,179
1800,"trite",65,69
1801,"trues",65,69
1802,"tunny",229,233
1803,"tusks",192,196
1804,"tutee",156,160
1805,"twain",294,298
1806,"tweed",189,193
1807,"tweet",100,104
1808,"twine",189,193
1809,"twite",100,104
1810,"twits",189,193
1811,"unaus",74,78
1812,"uncle",270,274
1813,"unity",157,161
1814,"unset",180,184
1815,"urine",63,67
1816,"valet",11,15
1817,"vaned",186,190
1818,"vegas",186,190
1819,"venae",39,43
1820,"vents",11,15
1821,"venue",62,66
1822,"venus",62,66
1823,"vexes",39,43
1824,"voted",135,139
1825,"wales",109,113
1826,"wared",271,275
1827,"wares",109,113
1828,"weave",190,194
1829,"weeny",101,105
1830,"weest",181,185
1831,"welts",75,79
1832,"wends",109,113
1833,"widen",190,194
1834,"wined",75,79
1835,"worse",137,141
1836,"worst",126,130
1837,"yales",108,112
1838,"yeast",189,193
1839,"zombi",25,29
1840,"Adonic",2,7
1841,"Aeneas",64,69
1842,"Althea",41,46
1843,"addend",190,195
1844,"albeit",41,46
1845,"alight",174,179
1846,"arrive",274,279
1847,"askant",200,205
1848,"assent",143,148
1849,"atones",28,33
1850,"attune",153,158
1851,"avenue",194,199
1852,"Bergen",183,188
1853,"banker",267,272
1854,"bateau",71,76
1855,"bested",34,39
1856,"better",71,76
1857,"bettor",133,138
1858,"binged",183,188
1859,"bingle",183,188
1860,"birded",58,63
1861,"casein",275,280
1862,"censer",275,280
1863,"chalet",56,61
1864,"chatty",113,118
1865,"chintz",142,147
1866,"civets",56,61
1867,"crista",275,280
1868,"cusped",65,70
1869,"cygnet",233,238
1870,"Del Mar",224,229
1871,"Dunker",267,272
1872,"dammit",18,23
1873,"debate",67,72
1874,"dented",10,15
1875,"derate",224,229
1876,"desalt",34,39
1877,"descry",280,285
1878,"detent",10,15
1879,"detest",67,72
1880,"dholes",47,52
1881,"digest",177,182
1882,"eat out",20,25
1883,"eats up",180,185
1884,"egrets",75,80
1885,"eleven",278,283
1886,"emcees",53,58
1887,"emends",109,114
1888,"emetic",295,300
1889,"emotes",28,33
1890,"en fête",194,198
1891,"ensued",57,62
1892,"ensure",57,62
1893,"enters",41,46
1894,"entire",64,69
1895,"ermine",187,192
1896,"estate",185,190
1897,"esteem",225,230
1898,"estrus",61,66
1899,"eureka",284,289
1900,"evened",38,43
1901,"evener",61,66
1902,"evokes",134,139
1903,"exhume",43,48
1904,"extent",228,233
1905,"eyelet",188,193
1906,"Finnic",193,198
1907,"Greece",191,196
1908,"Greeks",191,196
1909,"gainer",76,81
1910,"geeing",182,187
1911,"genets",76,81
1912,"gorget",93,98
1913,"gotten",124,129
1914,"graves",76,81
1915,"hallux",60,65
1916,"harass",37,42
1917,"hatted",49,54
1918,"healed",59,64
1919,"health",36,41
1920,"hearer",59,64
1921,"hennas",37,42
1922,"herded",59,64
1923,"hikers",36,41
1924,"hit men",48,53
1925,"holier",50,55
1926,"ideate",69,74
1927,"imaret",270,275
1928,"indene",63,68
1929,"indent",197,202
1930,"inlets",78,83
1931,"insert",278,283
1932,"insult",278,283
1933,"insure",278,283
1934,"intact",104,109
1935,"intake",104,109
1936,"intern",285,290
1937,"inters",40,45
1938,"Katari",106,111
1939,"klepht",173,178
1940,"leaked",266,271
1941,"leaned",70,75
1942,"lierne",57,62
1943,"lifter",279,284
1944,"litter",70,75
1945,"lutist",176,181
1946,"Marian",172,177
1947,"malign",262,267
1948,"mammae",124,129
1949,"mammas",124,129
1950,"meeter",76,81
1951,"melded",76,81
1952,"mesial",33,38
1953,"met men",93,98
1954,"metres",110,115
1955,"midden",76,81
1956,"middle",76,81
1957,"minuet",191,196
1958,"monied",219,224
1959,"monies",29,34
1960,"mouton",22,27
1961,"nearer",195,200
1962,"nether",277,282
1963,"net ton",26,31
1964,"neuter",71,76
1965,"nitric",195,200
1966,"nocent",237,242
1967,"nutate",160,165
1968,"Peter I",75,80
1969,"pastas",190,195
1970,"pasted",190,195
1971,"peddle",75,80
1972,"peeing",181,186
1973,"petite",75,80
1974,"potent",166,171
1975,"prints",190,195
1976,"rearer",194,199
1977,"reeved",57,62
1978,"resale",57,62
1979,"resent",57,62
1980,"resite",143,148
1981,"retied",79,84
1982,"reties",43,48
1983,"retire",79,84
1984,"ripest",176,181
1985,"rivets",57,62
1986,"Semite",72,77
1987,"St Jude",149,154
1988,"sanest",178,183
1989,"sateen",72,77
1990,"satori",134,139
1991,"scenes",39,44
1992,"screes",39,44
1993,"sealed",60,65
1994,"seamed",49,54
1995,"seamen",49,54
1996,"seared",37,42
1997,"secede",38,43
1998,"seeker",37,42
1999,"senate",225,230
2000,"sended",61,66
2001,"sennas",38,43
2002,"sennet",38,43
2003,"sennit",61,66
2004,"sestet",35,40
2005,"settee",72,77
2006,"setter",72,77
2007,"sextet",225,230
2008,"siècle",37,41
2009,"sienna",36,41
2010,"sifter",35,40
2011,"singed",184,189
2012,"single",184,189
2013,"sinned",37,42
2014,"sinner",60,65
2015,"sinter",37,42
2016,"skeins",62,67
2017,"smelts",73,78
2018,"sniped",68,73
2019,"snouts",149,154
2020,"stains",39,44
2021,"stairs",62,67
2022,"stater",186,191
2023,"statue",186,191
2024,"status",186,191
2025,"staves",62,67
2026,"stokes",135,140
2027,"street",62,67
2028,"strict",196,201
2029,"stride",62,67
2030,"strike",196,201
2031,"surfie",60,65
2032,"Tatars",108,113
2033,"Thomas",133,138
2034,"Tories",139,144
2035,"taenia",173,178
2036,"takahe",108,113
2037,"tasset",142,147
2038,"tastes",65,70
2039,"tatter",247,252
2040,"tedium",113,118
2041,"teeter",77,82
2042,"teethe",44,49
2043,"teledu",80,85
2044,"tenets",42,47
2045,"tennis",111,116
2046,"tenser",56,61
2047,"tenter",273,278
2048,"tenuto",16,21
2049,"terete",77,82
2050,"terser",277,282
2051,"testee",224,229
2052,"tether",56,61
2053,"tetras",273,278
2054,"tetter",100,105
2055,"tibiae",277,282
2056,"tibial",277,282
2057,"tidier",277,282
2058,"tin hat",44,49
2059,"tinpot",251,256
2060,"titfer",77,82
2061,"tonnes",138,143
2062,"tortes",170,175
2063,"triads",175,180
2064,"tripes",175,180
2065,"triton",16,21
2066,"trivet",56,61
2067,"truest",65,70
2068,"tweets",189,194
2069,"twiner",189,194
2070,"uncase",270,275
2071,"uncles",270,275
2072,"unsent",180,185
2073,"venery",196,201
2074,"venues",62,67
2075,"viewer",68,73
2076,"weaved",190,195
2077,"welded",75,80
2078,"went in",271,276
2079,"wet rot",231,236
2080,"zombie",25,30
2081,"à tâtons",29,33
2082,"addenda",190,196
2083,"aliment",264,270
2084,"animate",158,164
2085,"arietta",264,270
2086,"ariette",174,180
2087,"arrived",274,280
2088,"bankers",267,273
2089,"batiste",177,183
2090,"beef tea",34,40
2091,"bergère",183,188
2092,"bettors",133,139
2093,"caesura",275,281
2094,"censure",275,281
2095,"chalets",56,62
2096,"debater",67,73
2097,"dentate",201,207
2098,"deprave",71,77
2099,"desalts",34,40
2100,"descent",280,286
2101,"detents",10,16
2102,"dinette",224,230
2103,"discase",34,40
2104,"dittoed",133,139
2105,"Eritrea",193,199
2106,"Eurasia",39,45
2107,"entreat",13,19
2108,"etamine",246,252
2109,"examine",243,249
2110,"exhumed",43,49
2111,"fastest",78,84
2112,"Gehenna",33,39
2113,"gainers",76,82
2114,"garment",102,108
2115,"gastric",191,197
2116,"gestate",182,188
2117,"grantor",250,256
2118,"gravest",76,82
2119,"greeted",191,197
2120,"hatchet",49,55
2121,"hearers",59,65
2122,"imarets",270,276
2123,"inertia",193,199
2124,"inter se",40,46
2125,"irksome",11,17
2126,"isoetes",49,55
2127,"leanest",176,182
2128,"limiter",70,76
2129,"live out",143,149
2130,"Mahomet",130,136
2131,"Maltese",272,278
2132,"MOT test",218,224
2133,"maleate",172,178
2134,"menisci",55,61
2135,"merited",191,197
2136,"mess kit",33,39
2137,"middens",76,82
2138,"minuets",191,197
2139,"modiste",29,35
2140,"moutons",22,28
2141,"nitrite",195,201
2142,"oarsmen",261,267
2143,"prairie",75,81
2144,"resents",57,63
2145,"retiree",79,85
2146,"ripened",70,76
2147,"riveter",279,285
2148,"Santa Fe",268,274
2149,"Seattle",49,55
2150,"Staines",39,45
2151,"St Titus",73,79
2152,"seaweed",184,190
2153,"secedes",38,44
2154,"seekers",37,43
2155,"settees",178,184
2156,"siennas",36,42
2157,"sifters",35,41
2158,"singlet",184,190
2159,"sinners",60,66
2160,"sinters",37,43
2161,"sootier",215,221
2162,"streets",62,68
2163,"suavest",60,66
2164,"surfeit",60,66
2165,"sweeter",72,78
2166,"tektite",98,104
2167,"tension",113,119
2168,"tenters",273,279
2169,"terrine",77,83
2170,"thinner",58,64
2171,"tree pie",175,181
2172,"tritest",65,71
2173,"tritone",16,22
2174,"trivets",56,62
2175,"tussore",44,50
2176,"unaided",74,80
2177,"vastest",62,68
2178,"wettest",208,214
2179,"beef teas",34,41
2180,"bettered",71,78
2181,"caesurae",275,282
2182,"depraves",71,78
2183,"divagate",144,151
2184,"Edentata",200,207
2185,"Ethernet",279,286
2186,"edentate",200,207
2187,"entities",41,48
2188,"garments",102,109
2189,"haruspex",60,67
2190,"impotent",162,169
2191,"light pen",176,183
2192,"littered",70,77
2193,"maleates",172,179
2194,"meniscus",55,62
2195,"moderate",219,226
2196,"neutered",71,78
2197,"saltiest",38,45
2198,"staidest",39,46
2199,"sureties",37,44
2200,"Tantrism",108,115
2201,"Tantrist",108,115
2202,"thinners",58,65
2203,"thirteen",34,41
2204,"tussores",44,51
2205,"twenties",108,115
2206,"hetaerism",37,45
2207,"thirteens",34,42
2208,"singletree",184,193
