1,"a",1,1
2,"I",5,5
3,"am",42,43
4,"an",8,9
5,"as",18,19
6,"at",8,9
7,"be",19,20
8,"Dr",101,102
9,"do",52,53
10,"eg",8,9
11,"go",178,179
12,"he",20,21
13,"hi",20,21
14,"if",22,23
15,"in",5,6
16,"is",20,21
17,"it",5,6
18,"Mr",9,10
19,"Ms",33,34
20,"me",9,10
21,"mu",48,49
22,"my",44,45
23,"no",41,42
24,"OK",43,44
25,"oh",86,87
26,"on",43,44
27,"or",55,56
28,"ox",274,275
29,"pa",47,48
30,"pi",32,33
31,"re",3,4
32,"so",79,80
33,"to",43,44
34,"up",5,6
35,"us",75,76
36,"we",8,9
37,"wo",81,82
38,"à la",100,101
39,"aba",32,34
40,"ace",113,115
41,"act",8,10
42,"add",47,49
43,"ado",145,147
44,"aft",3,5
45,"age",211,213
46,"ago",207,209
47,"aha",116,118
48,"aid",222,224
49,"ail",106,108
50,"aim",51,53
51,"ain",3,5
52,"air",100,102
53,"ais",18,20
54,"ait",3,5
55,"ale",16,18
56,"all",104,106
57,"als",16,18
58,"alt",1,3
59,"ana",47,49
60,"and",113,115
61,"ant",8,10
62,"any",202,204
63,"ape",30,32
64,"apt",6,8
65,"arb",287,289
66,"are",1,3
67,"arm",28,30
68,"art",28,30
69,"ash",153,155
70,"ask",100,102
71,"ass",18,20
72,"ate",8,10
73,"auk",110,112
74,"ave",100,102
75,"awe",6,8
76,"awn",205,207
77,"axe",47,49
78,"aye",92,94
79,"baa",34,36
80,"ban",88,90
81,"bar",34,36
82,"bat",77,79
83,"bay",88,90
84,"bed",214,216
85,"bee",19,21
86,"beg",88,90
87,"ben",34,36
88,"bet",34,36
89,"bey",168,170
90,"big",117,119
91,"bit",117,119
92,"biz",117,119
93,"bod",292,294
94,"bot",292,294
95,"box",292,294
96,"bub",117,119
97,"bud",117,119
98,"bun",117,119
99,"but",117,119
100,"can",198,200
101,"cap",2,4
102,"car",12,14
103,"cat",198,200
104,"caw",2,4
105,"con",39,41
106,"cot",39,41
107,"cow",204,206
108,"coy",39,41
109,"cue",99,101
110,"cur",99,101
111,"cut",290,292
112,"dad",142,144
113,"dal",101,103
114,"dam",292,294
115,"dan",142,144
116,"dee",19,21
117,"den",101,103
118,"dew",77,79
119,"dib",214,216
120,"did",214,216
121,"die",19,21
122,"dig",88,90
123,"dim",77,79
124,"din",34,36
125,"dip",117,119
126,"dit",34,36
127,"doe",52,54
128,"dog",277,279
129,"dor",52,54
130,"dot",277,279
131,"due",34,36
132,"dun",88,90
133,"duo",77,79
134,"dye",4,6
135,"ear",15,17
136,"eas",75,77
137,"eat",53,55
138,"eel",23,25
139,"eft",36,38
140,"egg",92,94
141,"elk",24,26
142,"ell",217,219
143,"elm",50,52
144,"ems",32,34
145,"emu",47,49
146,"end",1,3
147,"eon",42,44
148,"era",24,26
149,"ere",24,26
150,"erk",27,29
151,"ern",15,17
152,"err",24,26
153,"ers",75,77
154,"est",22,24
155,"eth",18,20
156,"eve",22,24
157,"ewe",91,93
158,"ext",51,53
159,"eye",6,8
160,"fab",224,226
161,"fad",224,226
162,"fag",50,52
163,"fan",109,111
164,"far",24,26
165,"fat",50,52
166,"fed",221,223
167,"fee",75,77
168,"fen",24,26
169,"feu",75,77
170,"fez",224,226
171,"fid",217,219
172,"fin",217,219
173,"fit",217,219
174,"fix",217,219
175,"foe",246,248
176,"fog",160,162
177,"fry",24,26
178,"fur",233,235
179,"gad",298,300
180,"gag",146,148
181,"gan",298,300
182,"gas",73,75
183,"gat",146,148
184,"gee",33,35
185,"gem",146,148
186,"gen",48,50
187,"get",48,50
188,"gie",33,35
189,"gig",141,143
190,"gin",283,285
191,"gis",183,185
192,"git",141,143
193,"gob",178,180
194,"god",178,180
195,"got",178,180
196,"gun",141,143
197,"gut",141,143
198,"had",118,120
199,"ham",267,269
200,"hat",118,120
201,"haw",157,159
202,"hem",118,120
203,"hen",21,23
204,"her",20,22
205,"het",21,23
206,"hew",266,268
207,"hex",21,23
208,"hic",185,187
209,"hid",20,22
210,"hie",155,157
211,"him",266,268
212,"hin",20,22
213,"hit",20,22
214,"hot",78,80
215,"hue",20,22
216,"hum",266,268
217,"hut",266,268
218,"ice",15,17
219,"ilk",23,25
220,"ill",216,218
221,"imp",91,93
222,"ink",27,29
223,"inn",15,17
224,"ins",75,77
225,"ion",294,296
226,"ire",23,25
227,"irk",36,38
228,"jag",207,209
229,"jam",207,209
230,"jet",54,56
231,"job",81,83
232,"jot",81,83
233,"kai",10,12
234,"keg",29,31
235,"ken",10,12
236,"key",67,69
237,"kin",2,4
238,"kit",2,4
239,"kop",41,43
240,"kos",179,181
241,"lam",291,293
242,"lea",76,78
243,"led",106,108
244,"lee",18,20
245,"lei",18,20
246,"lem",291,293
247,"les",18,20
248,"let",100,102
249,"lev",18,20
250,"lie",18,20
251,"lip",116,118
252,"lis",153,155
253,"lit",76,78
254,"lye",3,5
255,"Mao",178,180
256,"Mrs",114,116
257,"mac",93,95
258,"mad",45,47
259,"mag",209,211
260,"mam",178,180
261,"man",45,47
262,"mar",9,11
263,"mas",114,116
264,"mat",45,47
265,"maw",203,205
266,"may",135,137
267,"men",9,11
268,"met",9,11
269,"mew",146,148
270,"mid",48,50
271,"min",48,50
272,"mis",183,185
273,"mix",48,50
274,"mob",83,85
275,"mod",83,85
276,"mog",82,84
277,"mom",82,84
278,"mon",83,85
279,"mot",82,84
280,"mow",175,177
281,"mud",298,300
282,"mug",146,148
283,"mum",146,148
284,"mya",134,136
285,"nab",226,228
286,"nag",52,54
287,"nap",4,6
288,"nas",74,76
289,"neb",74,76
290,"net",4,6
291,"new",142,144
292,"nil",214,216
293,"nip",88,90
294,"nit",101,103
295,"nix",107,109
296,"nob",179,181
297,"nod",179,181
298,"nog",162,164
299,"non",41,43
300,"not",41,43
301,"now",206,208
302,"nun",142,144
303,"nut",142,144
304,"oaf",55,57
305,"oak",134,136
306,"oar",65,67
307,"oat",44,46
308,"ode",85,87
309,"ods",181,183
310,"ohm",86,88
311,"one",85,87
312,"ore",55,57
313,"out",275,277
314,"ova",282,284
315,"owe",44,46
316,"own",208,210
317,"owt",177,179
318,"pah",72,74
319,"pat",145,147
320,"pea",140,142
321,"pee",32,34
322,"pen",47,49
323,"pep",140,142
324,"pet",47,49
325,"pew",140,142
326,"pie",32,34
327,"pig",140,142
328,"pit",140,142
329,"pre",47,49
330,"pud",140,142
331,"pun",140,142
332,"put",140,142
333,"rad",225,227
334,"rag",51,53
335,"raj",58,60
336,"ram",51,53
337,"ran",110,112
338,"rap",3,5
339,"rat",51,53
340,"raw",3,5
341,"rec",13,15
342,"red",222,224
343,"rem",51,53
344,"res",18,20
345,"ret",3,5
346,"rev",116,118
347,"ria",76,78
348,"rid",106,108
349,"rim",291,293
350,"roc",61,63
351,"roe",205,207
352,"rom",161,163
353,"rot",40,42
354,"row",205,207
355,"rue",100,102
356,"rum",291,293
357,"rut",291,293
358,"rya",190,192
359,"rye",28,30
360,"sad",119,121
361,"sam",78,80
362,"san",89,91
363,"sat",78,80
364,"saw",158,160
365,"say",89,91
366,"sea",21,23
367,"sec",35,37
368,"see",20,22
369,"sen",22,24
370,"set",22,24
371,"sew",118,120
372,"sex",22,24
373,"shy",155,157
374,"sic",186,188
375,"sin",21,23
376,"sir",20,22
377,"sit",21,23
378,"six",21,23
379,"ska",36,38
380,"ski",102,104
381,"sod",293,295
382,"son",293,295
383,"sot",79,81
384,"sty",90,92
385,"sub",118,120
386,"sue",21,23
387,"sum",267,269
388,"sun",118,120
389,"tab",31,33
390,"tad",31,33
391,"tag",206,208
392,"tai",2,4
393,"taj",39,41
394,"tam",41,43
395,"tan",7,9
396,"tao",41,43
397,"tap",29,31
398,"tar",10,12
399,"tas",17,19
400,"tat",7,9
401,"taw",29,31
402,"tax",46,48
403,"tay",136,138
404,"tea",4,6
405,"ted",2,4
406,"tee",4,6
407,"teg",7,9
408,"ten",2,4
409,"tes",19,21
410,"the",19,21
411,"thy",168,170
412,"tic",14,16
413,"tie",19,21
414,"tin",4,6
415,"tip",142,144
416,"tis",19,21
417,"tit",4,6
418,"toe",43,45
419,"tog",83,85
420,"tom",82,84
421,"ton",84,86
422,"too",82,84
423,"top",43,45
424,"tor",64,66
425,"tot",82,84
426,"tow",43,45
427,"toy",175,177
428,"try",67,69
429,"tub",226,228
430,"tug",52,54
431,"tui",49,51
432,"tum",52,54
433,"tun",111,113
434,"tup",4,6
435,"two",162,164
436,"uke",112,114
437,"uni",121,123
438,"uns",121,123
439,"urd",286,288
440,"urn",286,288
441,"use",75,77
442,"ute",91,93
443,"utu",144,146
444,"vat",159,161
445,"vet",36,38
446,"via",216,218
447,"vie",216,218
448,"vim",108,110
449,"wad",137,139
450,"wan",92,94
451,"war",8,10
452,"was",113,115
453,"web",113,115
454,"wee",32,34
455,"wen",8,10
456,"wet",8,10
457,"win",47,49
458,"wit",47,49
459,"woe",163,165
460,"wog",81,83
461,"won",271,273
462,"wow",174,176
463,"wus",72,74
464,"yea",46,48
465,"yen",7,9
466,"yes",31,33
467,"yet",7,9
468,"yin",46,48
469,"yip",139,141
470,"zea",33,35
471,"zee",33,35
472,"zen",283,285
473,"zig",87,89
474,"zit",33,35
475,"à bas",214,216
476,"Agni",149,152
477,"Ahab",116,119
478,"Aire",106,109
479,"Amex",54,57
480,"Amon",81,84
481,"Apia",30,33
482,"Asia",18,21
483,"A to Z",81,84
484,"Audi",225,228
485,"abas",228,231
486,"abed",228,231
487,"abet",32,35
488,"able",228,231
489,"aces",113,116
490,"acne",8,11
491,"acts",95,98
492,"adit",32,35
493,"aeon",40,43
494,"aery",25,28
495,"ages",249,252
496,"ahem",116,119
497,"aims",225,228
498,"airt",100,103
499,"akee",113,116
500,"alae",98,101
501,"alar",98,101
502,"alec",98,101
503,"alee",16,19
504,"ales",16,19
505,"amah",149,152
506,"amen",54,57
507,"anas",72,75
508,"anew",140,143
509,"anil",228,231
510,"ante",8,11
511,"anti",113,116
512,"ants",113,116
513,"a one",163,166
514,"aped",70,73
515,"aqua",54,57
516,"arak",197,200
517,"area",98,101
518,"ares",16,19
519,"arid",104,107
520,"arms",28,31
521,"arse",16,19
522,"arts",287,290
523,"arum",289,292
524,"asci",100,103
525,"ashy",153,156
526,"as if",153,156
527,"asks",100,103
528,"at it",47,50
529,"atom",81,84
530,"attn",42,45
531,"auks",110,113
532,"aunt",110,113
533,"aver",218,221
534,"avid",218,221
535,"awes",30,33
536,"awns",247,250
537,"axes",72,75
538,"Bart",34,37
539,"Biro",241,244
540,"bail",214,217
541,"bang",88,91
542,"barm",34,37
543,"bask",230,233
544,"bast",214,217
545,"bate",88,91
546,"baya",88,91
547,"bead",117,120
548,"bean",117,120
549,"beat",117,120
550,"beef",154,157
551,"beer",19,22
552,"beet",117,120
553,"bema",88,91
554,"bent",34,37
555,"best",154,157
556,"beta",34,37
557,"bets",214,217
558,"bier",154,157
559,"bilk",19,22
560,"birr",19,22
561,"bitt",117,120
562,"blae",214,217
563,"bled",214,217
564,"bone",292,295
565,"brit",214,217
566,"buns",117,120
567,"cake",198,201
568,"cant",198,201
569,"care",12,15
570,"cars",12,15
571,"celt",105,108
572,"cent",2,5
573,"cere",105,108
574,"cert",99,102
575,"chaw",239,242
576,"chew",262,265
577,"chin",152,155
578,"chit",152,155
579,"chum",262,265
580,"cist",17,20
581,"cite",99,102
582,"cive",17,20
583,"coat",204,207
584,"cote",39,42
585,"cued",99,102
586,"cull",99,102
587,"curé",99,102
588,"cure",99,102
589,"Dana",142,145
590,"Dane",142,145
591,"Dard",284,287
592,"Devi",19,22
593,"dado",142,145
594,"dale",101,104
595,"dals",235,238
596,"damn",292,295
597,"dare",101,104
598,"dari",101,104
599,"darn",284,287
600,"dart",284,287
601,"date",142,145
602,"dean",88,91
603,"dear",34,37
604,"deed",214,217
605,"deem",77,80
606,"deep",117,120
607,"dele",214,217
608,"dell",214,217
609,"deme",142,145
610,"dene",107,110
611,"dent",101,104
612,"de re",214,217
613,"desk",184,187
614,"diet",117,120
615,"dika",34,37
616,"dike",34,37
617,"dime",88,91
618,"dine",214,217
619,"dink",34,37
620,"dint",34,37
621,"dips",117,120
622,"disk",154,157
623,"dita",34,37
624,"dits",214,217
625,"diva",154,157
626,"dive",154,157
627,"doge",277,280
628,"dole",147,150
629,"dolt",52,55
630,"dome",277,280
631,"doze",277,280
632,"drat",107,110
633,"dreg",107,110
634,"duet",34,37
635,"dung",88,91
636,"dusk",230,233
637,"dust",214,217
638,"Edam",291,294
639,"Eden",100,103
640,"Eire",22,25
641,"El Al",233,236
642,"Eros",246,249
643,"Esau",21,24
644,"each",112,115
645,"earn",286,289
646,"ears",15,18
647,"ease",75,78
648,"east",217,220
649,"eats",121,124
650,"ebon",291,294
651,"edge",225,228
652,"edgy",199,202
653,"edit",76,79
654,"eery",36,39
655,"efts",102,105
656,"elks",257,260
657,"elms",224,227
658,"emit",47,50
659,"emus",72,75
660,"ends",16,19
661,"eons",180,183
662,"erne",15,18
663,"erns",15,18
664,"erst",75,78
665,"et al",287,290
666,"etas",16,19
667,"etch",113,116
668,"etna",47,50
669,"etui",222,225
670,"euro",36,39
671,"even",35,38
672,"ever",22,25
673,"evil",215,218
674,"ewes",121,124
675,"exam",58,61
676,"exit",222,225
677,"eyes",30,33
678,"Finn",233,236
679,"face",109,112
680,"fade",224,227
681,"fake",109,112
682,"fame",50,53
683,"fane",224,227
684,"fans",224,227
685,"fare",257,260
686,"farm",24,27
687,"fart",24,27
688,"fate",109,112
689,"fats",224,227
690,"faun",221,224
691,"fête",15,17
692,"fear",233,236
693,"feed",217,220
694,"feet",217,220
695,"felt",217,220
696,"feme",109,112
697,"fend",257,260
698,"fern",233,236
699,"feta",24,27
700,"fiat",75,78
701,"find",233,236
702,"fine",217,220
703,"foes",246,249
704,"fogs",160,163
705,"font",60,63
706,"frat",221,224
707,"fret",221,224
708,"fuel",217,220
709,"furs",233,236
710,"fyrd",189,192
711,"Gaea",48,51
712,"Gobi",178,181
713,"Goth",178,181
714,"gait",48,51
715,"game",146,149
716,"gate",298,301
717,"gean",141,144
718,"gear",283,286
719,"geek",283,286
720,"gees",183,186
721,"gene",48,51
722,"gens",73,76
723,"gets",73,76
724,"gîte",9,11
725,"gila",213,216
726,"gill",213,216
727,"gink",283,286
728,"giro",167,170
729,"girt",33,36
730,"gist",183,186
731,"give",183,186
732,"glee",73,76
733,"glim",73,76
734,"glum",73,76
735,"glut",73,76
736,"gnaw",56,59
737,"gobs",178,181
738,"gods",178,181
739,"goes",209,212
740,"gone",178,181
741,"gram",48,51
742,"guar",283,286
743,"gurn",283,286
744,"Hera",20,23
745,"Herr",20,23
746,"hade",118,121
747,"haem",157,160
748,"haft",21,24
749,"haik",21,24
750,"haji",243,246
751,"harm",186,189
752,"hart",186,189
753,"hate",118,121
754,"hath",118,121
755,"hats",118,121
756,"haul",254,257
757,"hear",185,188
758,"heat",266,269
759,"heed",20,23
760,"heft",155,158
761,"heme",118,121
762,"hems",118,121
763,"here",20,23
764,"herm",156,159
765,"hero",156,159
766,"hike",185,188
767,"hint",156,159
768,"hood",78,81
769,"hoot",78,81
770,"hurt",185,188
771,"hymn",158,161
772,"Inst",75,78
773,"Iran",108,111
774,"Iyar",5,8
775,"ices",15,18
776,"icon",37,40
777,"idea",75,78
778,"idol",50,53
779,"ikon",160,163
780,"ilex",216,219
781,"ilks",256,259
782,"inks",286,289
783,"inns",15,18
784,"in re",221,224
785,"inti",15,18
786,"into",60,63
787,"irks",285,288
788,"isms",118,121
789,"itch",112,115
790,"item",5,8
791,"Jain",54,57
792,"Jena",54,57
793,"jags",207,210
794,"jams",207,210
795,"jest",211,214
796,"jets",149,152
797,"jots",81,84
798,"Kama",204,207
799,"Kiev",17,20
800,"Kota",173,176
801,"kaka",191,194
802,"kame",204,207
803,"kana",69,72
804,"kant",191,194
805,"kava",97,100
806,"keek",2,5
807,"keel",105,108
808,"keen",2,5
809,"kegs",29,32
810,"kent",67,70
811,"kept",198,201
812,"kerb",12,15
813,"kern",12,15
814,"khan",115,118
815,"khat",115,118
816,"kike",12,15
817,"kilt",105,108
818,"kind",12,15
819,"king",2,5
820,"kino",57,60
821,"kite",2,5
822,"knee",31,34
823,"knew",139,142
824,"knit",139,142
825,"koan",41,44
826,"Lena",106,109
827,"Leo X",291,294
828,"Leto",291,294
829,"Levi",18,21
830,"laid",218,221
831,"lain",218,221
832,"lari",100,103
833,"leat",76,79
834,"lech",234,237
835,"lees",153,156
836,"leet",76,79
837,"leks",100,103
838,"lend",100,103
839,"lent",100,103
840,"lest",18,21
841,"leva",240,243
842,"lief",153,156
843,"lieu",153,156
844,"life",18,21
845,"lift",240,243
846,"limo",76,79
847,"lips",116,119
848,"list",153,156
849,"live",153,156
850,"loaf",51,54
851,"lore",51,54
852,"Mari",96,99
853,"Mons",83,86
854,"Musa",73,76
855,"made",138,141
856,"mage",209,212
857,"magi",209,212
858,"mags",209,212
859,"main",56,59
860,"make",93,96
861,"mala",96,99
862,"male",96,99
863,"malm",195,198
864,"malt",9,12
865,"mams",209,212
866,"mana",45,48
867,"mane",45,48
868,"mara",9,12
869,"mare",9,12
870,"mart",66,69
871,"mash",151,154
872,"mass",151,154
873,"maté",45,48
874,"mate",45,48
875,"mats",138,141
876,"matt",178,181
877,"maxi",45,48
878,"mays",135,138
879,"maze",209,212
880,"mead",298,301
881,"mean",298,301
882,"meat",146,149
883,"meed",48,51
884,"meet",48,51
885,"mega",45,48
886,"melt",48,51
887,"mend",9,12
888,"mere",48,51
889,"mete",9,12
890,"meth",114,117
891,"midi",73,76
892,"mien",283,286
893,"miff",213,216
894,"mime",298,301
895,"mina",48,51
896,"mine",48,51
897,"mini",73,76
898,"mite",48,51
899,"mitt",146,149
900,"moat",175,178
901,"mode",83,86
902,"moms",82,85
903,"most",280,283
904,"mote",83,86
905,"moth",83,86
906,"move",280,283
907,"mRNA",9,12
908,"muon",276,279
909,"muse",73,76
910,"mute",298,301
911,"mutt",146,149
912,"myth",208,211
913,"Nato",277,280
914,"Nike",101,104
915,"Nile",214,217
916,"Nina",107,110
917,"name",52,55
918,"near",101,104
919,"neat",142,145
920,"need",107,110
921,"neem",142,145
922,"nerd",101,104
923,"nest",117,120
924,"nets",74,77
925,"nett",52,55
926,"newt",292,295
927,"next",49,52
928,"nice",101,104
929,"nine",107,110
930,"nobs",179,182
931,"nock",62,65
932,"node",179,182
933,"nods",179,182
934,"noes",210,213
935,"no go",173,176
936,"nogs",162,165
937,"none",179,182
938,"nose",210,213
939,"note",41,44
940,"null",101,104
941,"Oder",165,168
942,"Odin",165,168
943,"Omsk",280,283
944,"Otis",181,184
945,"obey",165,168
946,"odes",181,184
947,"ogee",84,87
948,"okta",133,136
949,"omit",273,276
950,"oner",281,284
951,"ones",181,184
952,"onto",176,179
953,"open",44,47
954,"ores",150,153
955,"oval",282,285
956,"oven",282,285
957,"owns",208,211
958,"oyez",133,136
959,"père",47,49
960,"pean",140,143
961,"peat",140,143
962,"peba",72,75
963,"peel",228,231
964,"peer",32,35
965,"pens",72,75
966,"pets",72,75
967,"pias",228,231
968,"pied",228,231
969,"pile",228,231
970,"plea",72,75
971,"plum",72,75
972,"pram",47,50
973,"prat",47,50
974,"psts",228,231
975,"puna",140,143
976,"Rama",51,54
977,"Reno",58,61
978,"Rome",161,164
979,"Ross",247,250
980,"race",110,113
981,"rake",110,113
982,"raki",110,113
983,"rale",13,16
984,"rand",110,113
985,"rani",225,228
986,"rank",199,202
987,"rant",110,113
988,"rapt",3,6
989,"rare",13,16
990,"rata",110,113
991,"rate",110,113
992,"rats",225,228
993,"real",100,103
994,"ream",291,294
995,"rear",100,103
996,"reed",106,109
997,"reek",100,103
998,"regd",110,113
999,"reis",153,156
1000,"rems",225,228
1001,"rend",13,16
1002,"rent",3,6
1003,"rest",116,119
1004,"retd",225,228
1005,"rete",3,6
1006,"rhea",153,156
1007,"rice",100,103
1008,"rich",234,237
1009,"rind",100,103
1010,"riot",291,294
1011,"rise",153,156
1012,"risk",240,243
1013,"rite",100,103
1014,"rive",18,21
1015,"roam",205,208
1016,"rock",61,64
1017,"roes",247,250
1018,"roma",172,175
1019,"roms",161,164
1020,"rose",247,250
1021,"rota",40,43
1022,"rote",40,43
1023,"rued",100,103
1024,"ruin",218,221
1025,"rule",100,103
1026,"ryes",28,31
1027,"Saba",119,122
1028,"Siam",266,269
1029,"Sium",265,268
1030,"sade",119,122
1031,"sail",215,218
1032,"sane",119,122
1033,"sang",89,92
1034,"sans",119,122
1035,"sate",89,92
1036,"saul",255,258
1037,"save",215,218
1038,"sawn",244,247
1039,"scot",36,39
1040,"seam",267,270
1041,"sear",186,189
1042,"seat",118,121
1043,"sect",35,38
1044,"seed",21,24
1045,"seek",157,160
1046,"seel",20,23
1047,"seem",118,121
1048,"seen",21,24
1049,"seer",20,23
1050,"semi",119,122
1051,"sene",22,25
1052,"sent",35,38
1053,"seps",118,121
1054,"sera",21,24
1055,"sere",21,24
1056,"seta",35,38
1057,"sets",215,218
1058,"sett",78,81
1059,"sews",118,121
1060,"shoo",265,268
1061,"shot",265,268
1062,"sift",155,158
1063,"sika",186,189
1064,"silk",20,23
1065,"silt",20,23
1066,"sine",21,24
1067,"sink",186,189
1068,"sire",20,23
1069,"site",21,24
1070,"size",118,121
1071,"skat",36,39
1072,"skeg",188,191
1073,"skis",236,239
1074,"sled",215,218
1075,"smew",143,146
1076,"smit",143,146
1077,"smog",79,82
1078,"smug",143,146
1079,"smut",143,146
1080,"snit",216,219
1081,"snog",159,162
1082,"snot",159,162
1083,"sone",293,296
1084,"soon",79,82
1085,"soot",79,82
1086,"stag",245,248
1087,"star",285,288
1088,"stem",159,162
1089,"step",108,111
1090,"stet",36,39
1091,"stew",108,111
1092,"stir",216,219
1093,"stun",108,111
1094,"stye",90,93
1095,"suet",157,160
1096,"suit",21,24
1097,"sumo",267,270
1098,"suns",118,121
1099,"swan",89,92
1100,"swat",89,92
1101,"swot",78,81
1102,"syne",245,248
1103,"Taft",2,5
1104,"Thea",19,22
1105,"Tory",64,67
1106,"Tues",74,77
1107,"tact",7,10
1108,"tags",210,213
1109,"tail",105,108
1110,"tais",17,20
1111,"taka",7,10
1112,"take",7,10
1113,"tala",97,100
1114,"talc",10,13
1115,"tale",97,100
1116,"talk",10,13
1117,"tame",206,209
1118,"tams",210,213
1119,"tang",136,139
1120,"tank",7,10
1121,"tans",31,34
1122,"tapa",69,72
1123,"tape",29,32
1124,"taps",29,32
1125,"tara",10,13
1126,"tare",10,13
1127,"tarp",196,199
1128,"tart",67,70
1129,"task",99,102
1130,"tass",17,20
1131,"tats",31,34
1132,"tatu",46,49
1133,"taut",198,201
1134,"taws",29,32
1135,"taxi",46,49
1136,"teak",111,114
1137,"teal",14,17
1138,"team",52,55
1139,"tear",14,17
1140,"teas",74,77
1141,"teat",52,55
1142,"teds",17,20
1143,"teed",49,52
1144,"teem",52,55
1145,"teen",4,7
1146,"tees",19,22
1147,"tegs",31,34
1148,"tegu",139,142
1149,"temp",136,139
1150,"tend",10,13
1151,"tens",17,20
1152,"tent",10,13
1153,"term",4,7
1154,"tern",14,17
1155,"test",34,37
1156,"teth",17,20
1157,"text",198,201
1158,"than",117,120
1159,"that",117,120
1160,"thee",19,22
1161,"them",117,120
1162,"thin",19,22
1163,"tics",14,17
1164,"tide",74,77
1165,"tied",107,110
1166,"tier",34,37
1167,"ties",19,22
1168,"tiff",214,217
1169,"tike",14,17
1170,"tiki",14,17
1171,"tilt",107,110
1172,"time",111,114
1173,"tine",49,52
1174,"ting",4,7
1175,"tink",26,29
1176,"tins",74,77
1177,"tint",4,7
1178,"tiny",26,29
1179,"tire",107,110
1180,"titi",49,52
1181,"tits",74,77
1182,"toad",43,46
1183,"toea",274,277
1184,"toes",85,88
1185,"toga",272,275
1186,"togs",83,86
1187,"tomb",82,85
1188,"tome",83,86
1189,"toms",83,86
1190,"tone",84,87
1191,"tons",84,87
1192,"tope",43,46
1193,"torn",64,67
1194,"tort",64,67
1195,"toss",181,184
1196,"tote",84,87
1197,"tots",84,87
1198,"tout",274,277
1199,"tRNA",10,13
1200,"trap",2,5
1201,"tree",17,20
1202,"trek",2,5
1203,"tret",2,5
1204,"trey",2,5
1205,"trim",290,293
1206,"trio",290,293
1207,"trot",39,42
1208,"trow",204,207
1209,"troy",39,42
1210,"true",99,102
1211,"tsar",34,37
1212,"tuba",226,229
1213,"tube",226,229
1214,"tune",226,229
1215,"tuns",226,229
1216,"twat",136,139
1217,"twee",31,34
1218,"twin",46,49
1219,"twit",46,49
1220,"twos",162,165
1221,"tyne",209,212
1222,"type",135,138
1223,"tzar",282,285
1224,"Utah",112,115
1225,"Utes",121,124
1226,"ukes",112,115
1227,"ulex",103,106
1228,"urea",103,106
1229,"urge",27,30
1230,"utas",112,115
1231,"uvea",217,220
1232,"Veda",102,105
1233,"vagi",245,248
1234,"vail",102,105
1235,"vair",102,105
1236,"vale",285,288
1237,"vase",236,239
1238,"vast",102,105
1239,"veal",256,259
1240,"veer",216,219
1241,"vein",216,219
1242,"vend",285,288
1243,"vent",36,39
1244,"verb",256,259
1245,"vert",23,26
1246,"very",23,26
1247,"veto",159,162
1248,"vets",102,105
1249,"vial",232,235
1250,"vice",256,259
1251,"vied",216,219
1252,"vina",220,223
1253,"vine",220,223
1254,"vlei",236,239
1255,"wade",137,140
1256,"wake",92,95
1257,"wale",95,98
1258,"walk",8,11
1259,"wane",137,140
1260,"wank",92,95
1261,"want",92,95
1262,"ware",8,11
1263,"warp",194,197
1264,"wats",137,140
1265,"weds",113,116
1266,"weed",47,50
1267,"ween",47,50
1268,"weep",140,143
1269,"weir",32,35
1270,"welt",47,50
1271,"wend",8,11
1272,"wens",113,116
1273,"went",8,11
1274,"were",47,50
1275,"west",32,35
1276,"weta",8,11
1277,"wets",113,116
1278,"wide",72,75
1279,"wife",228,231
1280,"wine",47,50
1281,"wins",72,75
1282,"wipe",140,143
1283,"with",72,75
1284,"wits",72,75
1285,"woes",163,166
1286,"wove",279,282
1287,"Xmas",147,150
1288,"yale",94,97
1289,"yeah",71,74
1290,"yeas",71,74
1291,"yest",31,34
1292,"zero",167,170
1293,"zest",183,186
1294,"zeta",283,286
1295,"ziti",213,216
1296,"zori",146,149
1297,"à pied",228,231
1298,"Aegir",30,34
1299,"Aries",261,265
1300,"Assam",263,267
1301,"abets",228,232
1302,"actin",8,12
1303,"ad fin",228,232
1304,"adits",228,232
1305,"adore",145,149
1306,"adust",228,232
1307,"aedes",16,20
1308,"aesir",153,157
1309,"agile",211,215
1310,"agist",249,253
1311,"aimed",110,114
1312,"aired",218,222
1313,"airts",100,104
1314,"aitch",110,114
1315,"akees",113,117
1316,"amahs",149,153
1317,"amain",54,58
1318,"amass",149,153
1319,"amaze",207,211
1320,"amens",149,153
1321,"anile",228,232
1322,"anime",140,144
1323,"anted",8,12
1324,"antes",113,117
1325,"antra",8,12
1326,"aorta",63,67
1327,"arête",287,290
1328,"areal",98,102
1329,"arere",104,108
1330,"arise",261,265
1331,"armet",190,194
1332,"asset",153,157
1333,"aster",218,222
1334,"atman",42,46
1335,"atoms",81,85
1336,"atone",271,275
1337,"audit",225,229
1338,"aunts",110,114
1339,"avail",100,104
1340,"avast",100,104
1341,"avens",234,238
1342,"aware",6,10
1343,"azide",211,215
1344,"azine",211,215
1345,"Benét",214,218
1346,"Benin",214,218
1347,"Biros",241,245
1348,"Bruin",214,218
1349,"bairn",230,234
1350,"baron",34,38
1351,"basks",230,234
1352,"baste",214,218
1353,"beans",117,121
1354,"beats",117,121
1355,"beery",184,188
1356,"besom",264,268
1357,"besot",264,268
1358,"bilks",252,256
1359,"bitts",117,121
1360,"blain",214,218
1361,"blare",230,234
1362,"blend",230,234
1363,"blent",230,234
1364,"breed",214,218
1365,"brine",214,218
1366,"brome",168,172
1367,"bruit",214,218
1368,"calif",12,16
1369,"cares",12,16
1370,"carse",12,16
1371,"cento",57,61
1372,"cents",12,16
1373,"certs",99,103
1374,"chain",17,21
1375,"cheat",262,266
1376,"cheek",152,156
1377,"chert",152,156
1378,"chino",152,156
1379,"cited",99,103
1380,"civet",239,243
1381,"civic",17,21
1382,"conga",39,43
1383,"coyer",39,43
1384,"coypu",129,133
1385,"crème",2,5
1386,"crock",57,61
1387,"cronk",57,61
1388,"culex",99,103
1389,"curer",99,103
1390,"Doris",147,151
1391,"dales",235,239
1392,"dares",235,239
1393,"daris",235,239
1394,"darts",284,288
1395,"datum",142,146
1396,"daunt",107,111
1397,"deeps",117,121
1398,"demit",142,146
1399,"dents",101,105
1400,"deter",219,223
1401,"de Wet",88,92
1402,"dewan",88,92
1403,"dicot",34,38
1404,"diner",214,218
1405,"ditto",77,81
1406,"divot",264,268
1407,"doles",147,151
1408,"dozen",277,281
1409,"drake",107,111
1410,"dusks",230,234
1411,"duvet",230,234
1412,"eaten",112,116
1413,"effed",216,220
1414,"egret",47,51
1415,"embed",211,215
1416,"emcee",149,153
1417,"emend",8,12
1418,"emits",72,76
1419,"emmet",42,46
1420,"emote",271,275
1421,"enact",199,203
1422,"enate",110,114
1423,"ended",104,108
1424,"enema",110,114
1425,"ennui",104,108
1426,"ensue",18,22
1427,"enter",1,5
1428,"enure",100,104
1429,"erect",24,28
1430,"ernes",15,19
1431,"erose",246,250
1432,"ester",22,26
1433,"ether",18,22
1434,"etnas",72,76
1435,"event",35,39
1436,"evert",22,26
1437,"every",22,26
1438,"evict",22,26
1439,"exact",3,7
1440,"exeat",222,226
1441,"exude",222,226
1442,"Farsi",257,261
1443,"Finns",233,237
1444,"fable",224,228
1445,"faces",109,113
1446,"fakes",109,113
1447,"false",257,261
1448,"famed",50,54
1449,"fares",257,261
1450,"farms",24,28
1451,"fated",109,113
1452,"fates",224,228
1453,"fauns",221,225
1454,"fears",233,237
1455,"feces",257,261
1456,"ferns",233,237
1457,"fetch",109,113
1458,"feted",257,261
1459,"fiche",233,237
1460,"finds",233,237
1461,"fined",217,221
1462,"fit in",217,221
1463,"fomes",160,164
1464,"gamed",146,150
1465,"genet",48,52
1466,"genie",73,77
1467,"get on",276,280
1468,"giant",87,91
1469,"gilet",213,217
1470,"given",183,187
1471,"giver",251,255
1472,"gleam",73,77
1473,"gleet",73,77
1474,"goest",209,213
1475,"grama",48,52
1476,"hafts",254,258
1477,"hajis",243,247
1478,"hates",118,122
1479,"hauls",254,258
1480,"heart",185,189
1481,"hemes",118,122
1482,"henry",21,25
1483,"hertz",242,246
1484,"hexed",254,258
1485,"hoots",78,82
1486,"hymns",158,162
1487,"Indra",103,107
1488,"Inuit",217,221
1489,"Irena",220,224
1490,"idiom",75,79
1491,"idiot",75,79
1492,"ikons",160,164
1493,"inane",224,228
1494,"index",103,107
1495,"indie",15,19
1496,"inert",233,237
1497,"infra",217,221
1498,"inner",103,107
1499,"in rem",221,225
1500,"intis",15,19
1501,"inure",233,237
1502,"irate",108,112
1503,"james",207,211
1504,"jests",211,215
1505,"Kamet",204,208
1506,"Katar",191,195
1507,"kauri",10,14
1508,"kavas",97,101
1509,"kerbs",12,16
1510,"keyer",67,71
1511,"key in",67,71
1512,"khans",115,119
1513,"kikes",12,16
1514,"kinds",12,16
1515,"kited",12,16
1516,"knead",139,143
1517,"lends",234,238
1518,"leone",291,295
1519,"let in",218,222
1520,"levee",18,22
1521,"lever",18,22
1522,"levin",18,22
1523,"liege",116,120
1524,"Malta",9,13
1525,"malar",96,100
1526,"maned",45,49
1527,"mange",135,139
1528,"manta",93,97
1529,"marge",66,70
1530,"mater",45,49
1531,"matte",209,213
1532,"maxim",45,49
1533,"mayst",135,139
1534,"mazer",209,213
1535,"media",114,118
1536,"meets",73,77
1537,"mesic",183,187
1538,"mesne",213,217
1539,"meter",56,60
1540,"meths",151,155
1541,"metis",114,118
1542,"metre",9,13
1543,"mites",73,77
1544,"mosey",164,168
1545,"motes",83,87
1546,"motte",82,86
1547,"mutch",146,150
1548,"Nones",179,183
1549,"named",52,56
1550,"nares",14,18
1551,"naris",14,18
1552,"nears",235,239
1553,"nerds",235,239
1554,"netes",74,78
1555,"netts",226,230
1556,"nicer",101,105
1557,"niche",235,239
1558,"ninth",235,239
1559,"niter",219,223
1560,"nitid",219,223
1561,"nitre",101,105
1562,"nodes",179,183
1563,"noise",248,252
1564,"nosed",210,214
1565,"notes",179,183
1566,"nurse",235,239
1567,"oases",150,154
1568,"octad",64,68
1569,"octet",64,68
1570,"olive",150,154
1571,"on tap",64,68
1572,"other",181,185
1573,"Pluto",72,76
1574,"Priam",72,76
1575,"paseo",72,76
1576,"patch",145,149
1577,"petit",47,51
1578,"pewee",140,144
1579,"pewit",140,144
1580,"pietà",32,35
1581,"pleat",72,76
1582,"races",110,114
1583,"rakes",110,114
1584,"rales",13,17
1585,"rands",110,114
1586,"ranee",225,229
1587,"rants",110,114
1588,"rated",110,114
1589,"rates",225,229
1590,"reals",234,238
1591,"rears",234,238
1592,"reeks",100,104
1593,"reeve",18,22
1594,"reive",153,157
1595,"rends",13,17
1596,"rente",13,17
1597,"rents",13,17
1598,"reran",106,110
1599,"reset",18,22
1600,"resin",153,157
1601,"resit",153,157
1602,"retch",110,114
1603,"rhino",153,157
1604,"rices",234,238
1605,"ricin",100,104
1606,"rinds",234,238
1607,"risen",153,157
1608,"river",18,22
1609,"rivet",240,244
1610,"roams",205,209
1611,"ruled",100,104
1612,"rules",234,238
1613,"Satan",89,93
1614,"Somme",79,83
1615,"Suomi",267,271
1616,"saint",22,26
1617,"sates",119,123
1618,"sat on",268,272
1619,"sauls",255,259
1620,"saved",231,235
1621,"saver",215,219
1622,"savin",215,219
1623,"seats",118,122
1624,"seems",118,122
1625,"seine",20,24
1626,"sente",35,39
1627,"sepia",118,122
1628,"setae",35,39
1629,"setts",119,123
1630,"sexed",255,259
1631,"silks",253,257
1632,"siren",20,24
1633,"sizer",118,122
1634,"skate",188,192
1635,"skein",102,106
1636,"skied",102,106
1637,"skies",236,240
1638,"slain",215,219
1639,"smogs",79,83
1640,"smote",269,273
1641,"snake",108,112
1642,"snare",256,260
1643,"snogs",159,163
1644,"sooth",79,83
1645,"soots",79,83
1646,"spirt",119,123
1647,"stage",245,249
1648,"stags",245,249
1649,"stair",102,106
1650,"stale",285,289
1651,"stare",285,289
1652,"stave",102,106
1653,"steak",108,112
1654,"steal",256,260
1655,"steed",220,224
1656,"steel",216,220
1657,"steer",216,220
1658,"stein",216,220
1659,"steno",36,40
1660,"stere",220,224
1661,"stern",23,27
1662,"stilt",216,220
1663,"stink",23,27
1664,"stint",23,27
1665,"stoep",293,297
1666,"stout",293,297
1667,"stunt",108,112
1668,"suint",21,25
1669,"suite",21,25
1670,"swank",89,93
1671,"swift",119,123
1672,"Tatar",7,11
1673,"Tevet",34,38
1674,"Texan",2,6
1675,"Tibet",74,78
1676,"Tulsa",14,18
1677,"tacts",94,98
1678,"taint",2,6
1679,"taira",105,109
1680,"takas",94,98
1681,"taken",7,11
1682,"talcs",10,14
1683,"talks",10,14
1684,"tames",210,214
1685,"tanks",94,98
1686,"tapas",69,73
1687,"taped",69,73
1688,"tapir",29,33
1689,"targe",67,71
1690,"tasks",99,103
1691,"tasse",152,156
1692,"taste",99,103
1693,"tater",46,50
1694,"tates",31,35
1695,"tatty",41,45
1696,"tatus",71,75
1697,"taunt",198,202
1698,"tawse",29,33
1699,"taxes",71,75
1700,"teach",111,115
1701,"teaks",111,115
1702,"teals",14,18
1703,"tears",14,18
1704,"tease",74,78
1705,"teats",226,230
1706,"teems",226,230
1707,"teens",74,78
1708,"teeny",26,30
1709,"teeth",74,78
1710,"tempi",136,140
1711,"tenet",2,6
1712,"tenon",39,43
1713,"tense",17,21
1714,"tents",97,101
1715,"tepee",226,230
1716,"terne",14,18
1717,"terns",14,18
1718,"testa",34,38
1719,"tests",214,218
1720,"testy",88,92
1721,"tetra",10,14
1722,"texas",12,16
1723,"thane",117,121
1724,"theft",154,158
1725,"theme",117,121
1726,"there",19,23
1727,"therm",241,245
1728,"thine",19,23
1729,"think",184,188
1730,"tikes",14,18
1731,"timed",111,115
1732,"times",226,230
1733,"tints",14,18
1734,"tired",219,223
1735,"titan",4,8
1736,"title",14,18
1737,"titre",14,18
1738,"tomes",83,87
1739,"toner",280,284
1740,"tonic",280,284
1741,"toped",43,47
1742,"torte",64,68
1743,"totem",175,179
1744,"totes",84,88
1745,"towel",43,47
1746,"tower",43,47
1747,"to wit",43,47
1748,"tract",198,202
1749,"treat",290,294
1750,"treed",105,109
1751,"treen",99,103
1752,"trees",17,21
1753,"treks",12,16
1754,"trend",12,16
1755,"trice",99,103
1756,"tries",152,156
1757,"trike",99,103
1758,"trine",105,109
1759,"trite",99,103
1760,"troat",204,208
1761,"trued",99,103
1762,"trull",99,103
1763,"tubae",226,230
1764,"tubas",226,230
1765,"tubed",226,230
1766,"tuque",52,56
1767,"tutee",226,230
1768,"tweed",46,50
1769,"tweet",46,50
1770,"twine",46,50
1771,"twins",71,75
1772,"twite",46,50
1773,"twits",71,75
1774,"untie",112,116
1775,"urine",103,107
1776,"valet",285,289
1777,"veals",256,260
1778,"vents",285,289
1779,"venue",102,106
1780,"verbs",256,260
1781,"vials",232,236
1782,"vices",256,260
1783,"vomit",269,273
1784,"waist",113,117
1785,"waked",92,96
1786,"waken",92,96
1787,"walks",8,12
1788,"wanks",92,96
1789,"wests",228,232
1790,"woven",279,283
1791,"wrest",113,117
1792,"Yalta",7,11
1793,"zero G",167,171
1794,"adores",145,150
1795,"aerate",222,227
1796,"aether",16,21
1797,"agnise",149,154
1798,"anthem",113,118
1799,"arista",238,243
1800,"arsine",16,21
1801,"assent",153,158
1802,"astute",106,111
1803,"at ease",72,77
1804,"at rest",113,118
1805,"attain",54,59
1806,"attest",211,216
1807,"audits",225,230
1808,"auntie",110,115
1809,"avenue",100,105
1810,"bairns",230,235
1811,"barong",34,39
1812,"basted",230,235
1813,"beanie",117,122
1814,"blares",230,235
1815,"blende",230,235
1816,"blends",230,235
1817,"breech",230,235
1818,"breeks",230,235
1819,"brined",214,219
1820,"cement",198,203
1821,"cerate",105,110
1822,"cinema",105,110
1823,"citrin",99,104
1824,"daunts",107,112
1825,"delete",214,219
1826,"dented",284,289
1827,"dentil",101,106
1828,"detail",101,106
1829,"detent",284,289
1830,"device",252,257
1831,"dièdre",214,218
1832,"dories",147,152
1833,"drachm",107,112
1834,"drakes",107,112
1835,"dredge",219,224
1836,"dusted",230,235
1837,"duster",214,219
1838,"duvets",230,235
1839,"easter",217,222
1840,"effete",216,221
1841,"emcees",149,154
1842,"enable",225,230
1843,"enemas",110,115
1844,"en face",106,111
1845,"en fête",100,104
1846,"englut",70,75
1847,"entice",11,16
1848,"entire",104,109
1849,"erbium",260,265
1850,"ethane",116,121
1851,"ex ante",3,8
1852,"extent",199,204
1853,"fabric",224,229
1854,"fatted",50,55
1855,"fatten",50,55
1856,"feares",233,238
1857,"ferret",217,222
1858,"fettle",109,114
1859,"Gothic",178,183
1860,"gamete",146,151
1861,"gets at",73,78
1862,"Henry I",21,26
1863,"henrys",21,26
1864,"heroes",242,247
1865,"iciest",260,265
1866,"immune",294,299
1867,"indene",103,108
1868,"intact",189,194
1869,"intake",189,194
1870,"intone",160,165
1871,"inures",233,238
1872,"Jesuit",249,254
1873,"kauris",10,15
1874,"kiekie",99,104
1875,"kitten",198,203
1876,"lentil",100,105
1877,"malted",9,14
1878,"manège",135,139
1879,"mantas",93,98
1880,"mantle",93,98
1881,"mattes",209,214
1882,"median",114,119
1883,"metric",96,101
1884,"misère",251,255
1885,"napkin",4,9
1886,"nearer",101,106
1887,"netted",111,116
1888,"nettle",111,116
1889,"neuron",34,39
1890,"noised",248,253
1891,"octane",64,69
1892,"patted",145,150
1893,"patten",145,150
1894,"rakees",110,115
1895,"ratted",51,56
1896,"rearer",100,105
1897,"renege",222,227
1898,"rentes",13,18
1899,"reseat",263,268
1900,"resent",240,245
1901,"resite",153,158
1902,"retake",3,8
1903,"retted",110,115
1904,"rise to",263,268
1905,"rotate",40,45
1906,"saints",255,260
1907,"sarong",35,40
1908,"sememe",89,94
1909,"seniti",215,220
1910,"sestet",155,160
1911,"settee",119,124
1912,"silted",253,258
1913,"smutch",143,148
1914,"snakes",108,113
1915,"snares",256,261
1916,"stages",245,250
1917,"steaks",108,113
1918,"steals",256,261
1919,"sterns",256,261
1920,"stewed",108,113
1921,"stints",256,261
1922,"stitch",108,113
1923,"street",102,107
1924,"strive",236,241
1925,"strong",36,41
1926,"stunts",108,113
1927,"suited",254,259
1928,"swanks",89,94
1929,"Tahiti",17,22
1930,"Tantra",7,12
1931,"tactic",7,12
1932,"taints",12,17
1933,"talent",97,102
1934,"talkie",10,15
1935,"tamest",210,215
1936,"tanker",7,12
1937,"target",67,72
1938,"tasset",152,157
1939,"tasted",99,104
1940,"taters",71,76
1941,"tattie",210,215
1942,"tauten",198,203
1943,"teamed",52,57
1944,"teemed",111,116
1945,"tenant",198,203
1946,"tenner",97,102
1947,"tenser",17,22
1948,"tenter",10,15
1949,"tenure",99,104
1950,"testee",214,219
1951,"tether",17,22
1952,"tetter",46,51
1953,"themes",117,122
1954,"titles",14,19
1955,"titres",14,19
1956,"tittle",111,116
1957,"toetoe",176,181
1958,"tombak",82,87
1959,"trends",12,17
1960,"triune",115,120
1961,"trivet",239,244
1962,"tune in",226,231
1963,"tweets",71,76
1964,"twites",71,76
1965,"Utahan",112,117
1966,"ursine",15,20
1967,"veered",216,221
1968,"veined",216,221
1969,"wanted",92,97
1970,"weenie",72,77
1971,"went in",8,13
1972,"Xmases",147,152
1973,"à tâtons",83,87
1974,"aerates",222,228
1975,"ambient",180,186
1976,"anthems",113,119
1977,"armeria",68,74
1978,"attaint",54,60
1979,"attests",211,217
1980,"beatify",117,123
1981,"bittier",117,123
1982,"captain",2,8
1983,"ceòl mór",105,109
1984,"cinemas",105,111
1985,"cistern",17,23
1986,"citrine",99,105
1987,"cow bail",204,210
1988,"deleted",230,236
1989,"destiny",19,25
1990,"detents",284,290
1991,"devices",252,258
1992,"drachms",107,113
1993,"en suite",18,24
1994,"entices",11,17
1995,"entitle",11,17
1996,"entreat",287,293
1997,"entwine",68,74
1998,"exacter",3,9
1999,"fabrics",224,230
2000,"gametes",146,152
2001,"gearbox",283,289
2002,"gill net",213,219
2003,"glutton",73,79
2004,"iterate",221,227
2005,"katydid",204,210
2006,"keister",17,23
2007,"kindest",12,18
2008,"Maranta",195,201
2009,"MOT test",82,88
2010,"mantlet",93,99
2011,"marmite",66,72
2012,"medians",114,120
2013,"mediate",114,120
2014,"methane",114,120
2015,"nitrite",101,107
2016,"octette",64,70
2017,"pattens",145,151
2018,"piastre",228,234
2019,"realest",234,240
2020,"retaken",3,9
2021,"retries",258,264
2022,"rice rat",100,106
2023,"sauries",255,261
2024,"see into",155,161
2025,"segment",89,95
2026,"smutted",143,149
2027,"steales",256,262
2028,"steered",216,222
2029,"Tantric",94,100
2030,"tactics",7,13
2031,"talents",97,103
2032,"talkies",10,16
2033,"targets",67,73
2034,"tattier",210,216
2035,"tektite",69,75
2036,"terbium",259,265
2037,"tuatara",4,10
2038,"tuneful",226,232
2039,"urinate",103,109
2040,"à bientôt",241,246
2041,"duskiest",230,237
2042,"entitles",11,18
2043,"entoderm",161,168
2044,"eternise",258,265
2045,"gluttons",73,80
2046,"iterates",221,228
2047,"marmites",66,73
2048,"mediates",114,121
2049,"piastres",228,235
2050,"segments",89,96
2051,"snottier",159,166
2052,"tattiest",248,255
2053,"tektites",69,76
2054,"tenement",198,205
2055,"tinniest",259,266
2056,"trendier",12,19
2057,"urinated",103,110
2058,"Viennese",232,239
2059,"venerate",102,109
2060,"inerrable",217,225
2061,"venerated",102,110
